3.34239	2.17981	-1.81026	2.17981	2.18655	-1.3676	-1.81026	-1.3676	1.68168	
4.19883	2.47955	-2.08413	2.47955	2.16831	-1.38292	-2.08413	-1.38292	1.70729	
1.65491	1.13463	-1.17903	1.13463	1.62339	-1.19255	-1.17903	-1.19255	1.8387	
2.60544	2.87334	-0.350085	2.87334	4.5202	-0.50998	-0.350085	-0.50998	0.568703	
2.31749	2.99993	-0.138573	2.99993	5.58593	-0.227642	-0.138573	-0.227642	0.510574	
2.21543	2.74656	-0.158581	2.74656	5.03908	-0.251606	-0.158581	-0.251606	0.514697	
15.1194	16.8834	-3.95533	16.8834	20.0094	-4.56488	-3.95533	-4.56488	1.57091	
7.2673	7.60331	-4.79969	7.60331	9.06106	-5.40939	-4.79969	-5.40939	3.9194	
5.12484	5.27767	-3.61105	5.27767	6.54406	-4.14444	-3.61105	-4.14444	3.34564	
6.26735	6.03697	-7.07	6.03697	6.82355	-7.41161	-7.07	-7.41161	9.19503	
88.6572	93.1918	-129.905	93.1918	99.0143	-137.324	-129.905	-137.324	191.922	
2.3982	1.58686	-1.26997	1.58686	1.8337	-1.04147	-1.26997	-1.04147	1.40703	
5.80042	4.62135	-6.28386	4.62135	4.55447	-5.49517	-6.28386	-5.49517	7.96042	
10.3764	9.70463	-13.2273	9.70463	10.0374	-12.9943	-13.2273	-12.9943	18.2209	
4.55048	3.73923	-4.79093	3.73923	3.98602	-4.44173	-4.79093	-4.44173	6.17726	
4.04366	5.57546	-7.06982	5.57546	9.27442	-11.1191	-7.06982	-11.1191	14.6131	
2.43282	2.26427	-2.88496	2.26427	3.21793	-3.42789	-2.88496	-3.42789	4.84169	
25.8958	-6.85533	-32.2579	-6.85533	2.3523	8.71083	-32.2579	8.71083	41.4798	
1.36274	1.81884	-2.1179	1.81884	4.38358	-4.47135	-2.1179	-4.47135	5.69996	
2.684	2.49186	-3.22013	2.49186	3.40069	-3.71696	-3.22013	-3.71696	5.2798	
9.08209	-1.03794	-12.8464	-1.03794	0.627961	1.54726	-12.8464	1.54726	19.7467	
1.25895	1.82361	-1.79275	1.82361	4.90353	-4.29574	-1.79275	-4.29574	4.74131	
2.55366	2.06304	-2.87053	2.06304	2.63151	-2.93433	-2.87053	-2.93433	4.55584	
27.0623	-8.15616	-36.7412	-8.15616	3.00559	11.2844	-36.7412	11.2844	51.327	
0.855643	1.16616	-0.972894	1.16616	4.34485	-3.17189	-0.972894	-3.17189	3.17731	
2.55366	2.06304	-2.87053	2.06304	2.63151	-2.93433	-2.87053	-2.93433	4.55584	
27.0623	-8.15616	-36.7412	-8.15616	3.00559	11.2844	-36.7412	11.2844	51.327	
0.61205	0.00517244	-0.203332	0.00517244	1.00709	-0.210104	-0.203332	-0.210104	0.948466	
1.18835	2.16012	-2.11619	2.16012	7.29278	-6.63275	-2.11619	-6.63275	7.01029	
7.39419	8.86478	-13.9911	8.86478	11.8991	-17.9931	-13.9911	-17.9931	28.9107	
6.26433	-0.539887	-8.61952	-0.539887	0.552284	0.799698	-8.61952	0.799698	13.4226	
3.55	3.31655	-5.32057	3.31655	4.13789	-5.80554	-5.32057	-5.80554	9.79414	
6.75548	-0.754196	-9.79153	-0.754196	0.593398	1.17248	-9.79153	1.17248	15.8526	
77.0762	45.0957	-101.493	45.0957	27.0568	-59.7693	-101.493	-59.7693	135.018	
1.62739	2.76767	-1.57324	2.76767	7.29448	-3.86316	-1.57324	-3.86316	2.72718	
8.6844	8.18255	-10.3549	8.18255	8.69599	-10.3652	-10.3549	-10.3652	13.6115	
1.54443	2.40927	-1.73178	2.40927	6.12712	-4.07531	-1.73178	-4.07531	3.46472	
3.12459	4.35153	-2.86447	4.35153	7.78504	-4.78344	-2.86447	-4.78344	3.64291	
1.07432	1.52144	-0.864588	1.52144	4.55818	-2.34104	-0.864588	-2.34104	1.89419	
4.56844	5.4258	-4.98927	5.4258	7.75052	-6.67625	-4.98927	-6.67625	6.65313	
1.00667	1.51251	-0.860892	1.51251	5.03049	-2.60469	-0.860892	-2.60469	2.04134	
14.2359	18.2129	-15.6548	18.2129	24.6598	-20.7619	-15.6548	-20.7619	18.3438	
1.19627	3.427	1.21061	3.427	17.3753	5.97135	1.21061	5.97135	2.62598	
1.59547	3.33322	-1.72791	3.33322	10.6461	-5.26862	-1.72791	-5.26862	3.25604	
8.99386	13.0554	-12.9282	13.0554	20.5675	-19.8691	-12.9282	-19.8691	20.1817	
1.19627	3.427	1.21061	3.427	17.3753	5.97135	1.21061	5.97135	2.62598	
1.56979	3.18329	-1.51102	3.18329	9.97225	-4.49656	-1.51102	-4.49656	2.65759	
7.51972	9.53826	-9.85135	9.53826	13.4676	-13.3834	-9.85135	-13.3834	14.326	
1.19627	3.427	1.21061	3.427	17.3753	5.97135	1.21061	5.97135	2.62598	
1.56979	3.18329	-1.51102	3.18329	9.97225	-4.49656	-1.51102	-4.49656	2.65759	
4.09589	5.41155	-5.18318	5.41155	8.6623	-7.79812	-5.18318	-7.79812	7.97139	
1.84825	6.09621	-3.35598	6.09621	28.0929	-15.1759	-3.35598	-15.1759	8.85361	
48.179	66.9771	-84.624	66.9771	94.5862	-118.876	-84.624	-118.876	150.697	
3.59988	4.22958	-6.24562	4.22958	6.30197	-8.55623	-6.24562	-8.55623	13.1221	
1.40176	4.1794	-2.16297	4.1794	19.9057	-10.0237	-2.16297	-10.0237	5.68818	
2.26829	2.89626	-2.22924	2.89626	5.24586	-3.64359	-2.22924	-3.64359	3.33788	
9.06012	9.90796	-15.5361	9.90796	11.9779	-17.9945	-15.5361	-17.9945	28.712	
0.839141	1.62692	0.429375	1.62692	8.31514	2.08011	0.429375	2.08011	1.08286	
0.845497	1.6748	-0.687313	1.6748	8.72087	-3.32242	-0.687313	-3.32242	1.86815	
6.27554	9.97089	-10.557	9.97089	17.7204	-18.2241	-10.557	-18.2241	19.7972	
38.3794	28.1029	-57.6904	28.1029	21.3515	-42.8019	-57.6904	-42.8019	88.3633	
1.11471	2.73259	0.887783	2.73259	12.6668	3.97126	0.887783	3.97126	1.81358	
2.40315	13.7422	-10.0393	13.7422	99.7889	-72.5331	-10.0393	-72.5331	53.4874	
10.1979	8.65416	-8.22143	8.65416	8.2401	-7.34535	-8.22143	-7.34535	7.47417	
34.49	25.7361	-52.8309	25.7361	19.9866	-40.0013	-52.8309	-40.0013	82.6179	
1.11471	2.73259	0.887783	2.73259	12.6668	3.97126	0.887783	3.97126	1.81358	
0.859405	5.03317	-3.15364	5.03317	70.9898	-44.1634	-3.15364	-44.1634	28.1721	
47.0722	34.6603	-36.2301	34.6603	26.2981	-26.965	-36.2301	-26.965	28.6856	
1.05599	2.09682	0.793751	2.09682	8.40795	2.99581	0.793751	2.99581	1.6637	
1.03124	-2.04972	0.936905	-2.04972	8.4289	-3.64726	0.936905	-3.64726	2.20374	
9.46895	7.28307	-5.12893	7.28307	6.42223	-4.15797	-5.12893	-4.15797	3.4388	
4.88311	2.4944	-4.17916	2.4944	1.92156	-2.3881	-4.17916	-2.3881	4.53196	
0.893023	1.46849	0.623218	1.46849	5.98691	2.33	0.623218	2.33	1.53119	
2.84265	1.34247	-4.66211	1.34247	1.28966	-2.67042	-4.66211	-2.67042	9.77817	
4.56808	-7.06746	1.48778	-7.06746	12.7985	-2.57402	1.48778	-2.57402	1.04977	
8.24451	9.68715	-3.30252	9.68715	12.6429	-4.14199	-3.30252	-4.14199	1.91305	
8.64265	7.07513	-8.08515	7.07513	6.65188	-7.03473	-8.08515	-7.03473	8.54925	
0.893023	1.46849	0.623218	1.46849	5.98691	2.33	0.623218	2.33	1.53119	
13.6055	-17.8185	4.60622	-17.8185	24.7265	-6.26346	4.60622	-6.26346	2.12534	
4.77574	8.24157	-5.60023	8.24157	16.4237	-10.8201	-5.60023	-10.8201	7.85218	
28.035	29.599	-26.4014	29.599	32.3179	-28.3799	-26.4014	-28.3799	25.8173	
29.3315	-35.0834	7.43181	-35.0834	43.1954	-9.04614	7.43181	-9.04614	2.41743	
2.16333	3.77319	-2.42912	3.77319	9.16663	-5.57287	-2.42912	-5.57287	4.08389	
2.9508	3.24269	-2.55733	3.24269	4.79146	-3.3901	-2.55733	-3.3901	3.21053	
59.4351	-47.6517	-1.27987	-47.6517	39.0308	1.03358	-1.27987	1.03358	0.528505	
6.28285	21.7346	-17.5312	21.7346	82.1999	-65.9021	-17.5312	-65.9021	53.6596	
2.20669	2.39801	-1.81137	2.39801	3.87018	-2.53921	-1.81137	-2.53921	2.46444	
9.0377	49.7104	27.786	49.7104	289.936	161.783	27.786	161.783	90.9299	
57.6911	-45.4713	-7.65665	-45.4713	36.6547	6.08909	-7.65665	6.08909	1.52647	
1.9936	2.9437	-2.6542	2.9437	6.39807	-5.30938	-2.6542	-5.30938	5.28021	
2.06913	2.19902	-1.57163	2.19902	3.58219	-2.20743	-1.57163	-2.20743	2.13147	
1.19627	3.427	1.21061	3.427	17.3753	5.97135	1.21061	5.97135	2.62598	
50.8835	-31.5825	-4.96098	-31.5825	20.3014	3.10972	-4.96098	3.10972	0.988479	
4.82098	11.2566	-7.95057	11.2566	29.8282	-20.7096	-7.95057	-20.7096	15.1307	
1.89575	2.15653	-1.50751	2.15653	3.83238	-2.32482	-1.50751	-2.32482	2.17574	
1.19627	3.427	1.21061	3.427	17.3753	5.97135	1.21061	5.97135	2.62598	
72.3358	-57.379	-9.83584	-57.379	46.3337	7.85581	-9.83584	7.85581	1.84689	
3.52773	8.1234	-8.09431	8.1234	22.3337	-21.7542	-8.09431	-21.7542	22.175	
4.76286	5.69004	-0.270935	5.69004	8.11641	-0.378866	-0.270935	-0.378866	0.531089	
1.19627	3.427	1.21061	3.427	17.3753	5.97135	1.21061	5.97135	2.62598	
44.6159	-27.0345	-4.95265	-27.0345	17.0704	3.03709	-4.95265	3.03709	1.05723	
0.546375	0.650775	-0.504905	0.650775	11.2288	-8.17163	-0.504905	-8.17163	6.73633	
8.31046	9.40795	-0.252724	9.40795	11.8386	-0.312493	-0.252724	-0.312493	0.518347	
46.9197	-27.854	-5.68393	-27.854	17.2163	3.41275	-5.68393	3.41275	1.19769	
0.564134	0.692638	-0.52331	0.692638	9.98653	-7.05054	-0.52331	-7.05054	5.74544	
3.78646	3.66795	-1.8691	3.66795	4.59438	-2.0816	-1.8691	-2.0816	1.59333	
27.5629	-16.3807	-4.24333	-16.3807	10.416	2.5661	-4.24333	2.5661	1.17047	
1.40441	5.01124	-4.54323	5.01124	28.3711	-25.2511	-4.54323	-25.2511	23.3802	
8.78691	12.8258	-7.52457	12.8258	20.3509	-11.6472	-7.52457	-11.6472	7.34157	
2.94539	2.44467	-5.06319	2.44467	2.96864	-5.07107	-5.06319	-5.07107	10.9869	
1.63767	0.0210022	0.410776	0.0210022	0.667827	0.0788436	0.410776	0.0788436	0.678646	
38.0055	-23.0698	-2.52835	-23.0698	14.6904	1.55575	-2.52835	1.55575	0.674751	
4.41818	16.7102	-15.8375	16.7102	71.7834	-67.5562	-15.8375	-67.5562	64.5249	
8.65959	12.679	-7.41504	12.679	20.2019	-11.5232	-7.41504	-11.5232	7.2476	
3.13199	2.57974	-5.37768	2.57974	3.05117	-5.27853	-5.37768	-5.27853	11.4902	
1.14548	0.0573582	0.156885	0.0573582	0.86095	0.077959	0.156885	0.077959	0.549648	
1.32682	3.40199	1.18812	3.40199	14.5284	4.91972	1.18812	4.91972	2.23886	
80.6582	-57.1335	-12.4767	-57.1335	41.2225	8.89314	-12.4767	8.89314	2.44359	
1.28793	4.59037	-4.2498	4.59037	27.3766	-24.8667	-4.2498	-24.8667	23.509	
17.7812	28.5152	-18.3625	28.5152	47.5526	-30.2986	-18.3625	-30.2986	20.0136	
3.34945	2.75451	-5.91049	2.75451	3.184	-5.7224	-5.91049	-5.7224	12.7635	
1.24466	2.62087	1.05812	2.62087	9.72695	3.73308	1.05812	3.73308	2.03409	
67.0161	-45.825	-11.1294	-45.825	32.0705	7.66665	-11.1294	7.66665	2.36387	
0.624846	2.16533	-1.5934	2.16533	39.1873	-28.4738	-1.5934	-28.4738	21.4568	
11.8351	40.3841	-23.642	40.3841	144.387	-84.2348	-23.642	-84.2348	49.813	
25.0983	17.4917	-37.935	17.4917	12.9389	-26.974	-37.935	-26.974	59.0044	
7.12057	-7.22762	4.75547	-7.22762	8.39602	-5.20227	4.75547	-5.20227	3.93613	
1.01495	1.79308	0.807705	1.79308	6.74553	2.82163	0.807705	2.82163	1.81033	
6.32089	36.4834	-25.375	36.4834	229.166	-159.042	-25.375	-159.042	111.117	
6.26629	22.3578	-14.3329	22.3578	87.1911	-55.5728	-14.3329	-55.5728	36.1266	
25.0983	17.4917	-37.935	17.4917	12.9389	-26.974	-37.935	-26.974	59.0044	
25.5487	-21.7687	10.7353	-21.7687	19.4243	-9.32802	10.7353	-9.32802	5.10125	
1.01495	1.79308	0.807705	1.79308	6.74553	2.82163	0.807705	2.82163	1.81033	
116.057	-82.4208	-21.0738	-82.4208	59.287	15.0304	-21.0738	15.0304	4.34373	
0.521828	0.625511	-0.441942	0.625511	25.3903	-17.5454	-0.441942	-17.5454	12.8681	
4.48233	13.3899	-8.12236	13.3899	45.5442	-27.3295	-8.12236	-27.3295	17.0828	
16.2407	9.25962	-22.7815	9.25962	5.94913	-13.4064	-22.7815	-13.4064	33.4836	
42.8635	-5.48413	14.7373	-5.48413	1.21028	-1.90655	14.7373	-1.90655	5.63156	
19.131	-15.1676	7.20544	-15.1676	12.8589	-5.86603	7.20544	-5.86603	3.28666	
39.4739	-51.6038	17.3857	-51.6038	68.8271	-23.0189	17.3857	-23.0189	8.25672	
3.55689	6.84764	-4.32503	6.84764	15.8434	-9.68347	-4.32503	-9.68347	6.62489	
26.9758	17.2173	-38.3036	17.2173	11.699	-24.9122	-38.3036	-24.9122	55.9194	
51.3157	-2.85966	18.615	-2.85966	0.660993	-1.04809	18.615	-1.04809	7.32339	
69.9747	-45.9947	27.5617	-45.9947	30.9525	-18.2475	27.5617	-18.2475	11.4344	
46.3336	-44.8968	18.4829	-44.8968	44.4832	-18.1059	18.4829	-18.1059	7.95356	
10.3316	6.43603	-20.6262	6.43603	4.71579	-13.5003	-20.6262	-13.5003	43.7746	
0.833689	1.21282	-0.768768	1.21282	4.91544	-2.7791	-0.768768	-2.7791	2.30205	
25.2529	18.3412	-30.5373	18.3412	14.0946	-22.6293	-30.5373	-22.6293	38.1745	
51.3157	-2.85966	18.615	-2.85966	0.660993	-1.04809	18.615	-1.04809	7.32339	
17.3976	-12.7109	7.91467	-12.7109	10.0722	-5.95947	7.91467	-5.95947	4.21032	
227.906	-156.721	-74.5944	-156.721	108.508	51.4085	-74.5944	51.4085	24.9689	
73.5357	-68.2927	26.2313	-68.2927	64.3594	-24.5274	26.2313	-24.5274	9.9213	
11.3675	6.221	-23.3977	6.221	4.06241	-13.3913	-23.3977	-13.3913	50.8803	
0.858122	1.69155	-0.918656	1.69155	8.49864	-4.35969	-0.918656	-4.35969	2.90425	
17.8678	16.3259	-21.0518	16.3259	15.8483	-19.7869	-21.0518	-19.7869	26.0191	
3.27666	-0.690241	-0.184233	-0.690241	0.694815	0.0841531	-0.184233	0.0841531	0.575552	
17.39	-12.5205	8.71118	-12.5205	9.79318	-6.46125	8.71118	-6.46125	4.99403	
35.092	-22.9651	5.15341	-22.9651	15.7518	-3.42333	5.15341	-3.42333	1.26849	
0.553986	0.451627	-0.242048	0.451627	5.11858	-2.6721	-0.242048	-2.6721	2.08365	
15.1778	14.449	-12.4388	14.449	14.7244	-12.2474	-12.4388	-12.2474	11.0508	
3.6117	-0.797132	-0.122095	-0.797132	0.728663	0.0670842	-0.122095	0.0670842	0.557209	
26.1436	-16.4023	-9.57713	-16.4023	10.9916	6.1245	-9.57713	6.1245	4.08247	
57.765	-38.2404	2.75835	-38.2404	26.0372	-1.84064	2.75835	-1.84064	0.63461	
0.530983	-0.445775	0.25207	-0.445775	7.09345	-3.64645	0.25207	-3.64645	2.55297	
13.0307	12.6406	-10.4852	12.6406	13.2516	-10.5787	-10.4852	-10.5787	9.28388	
5.74639	-1.34232	0.329882	-1.34232	0.866201	-0.0620213	0.329882	-0.0620213	0.542747	
21.6895	-16.4543	-8.24211	-16.4543	13.2791	6.4038	-8.24211	6.4038	3.71275	
26.6246	-16.9664	0.0849975	-16.9664	11.5255	-0.0583216	0.0849975	-0.0583216	0.501704	
2.35888	11.4529	7.101	11.4529	71.0651	43.7541	7.101	43.7541	27.6325	
0.504653	0.0533556	-0.0272545	0.0533556	8.89888	-5.84024	-0.0272545	-5.84024	4.58354	
37.8498	36.3507	-20.5546	36.3507	35.8795	-20.0066	-20.5546	-20.0066	11.8148	
36.679	-29.2046	-15.5617	-29.2046	24.0799	12.5638	-15.5617	12.5638	7.19433	
268.65	-164.754	-13.8769	-164.754	101.726	8.52618	-13.8769	8.52618	1.21829	
9.0377	49.7104	27.786	49.7104	289.936	161.783	27.786	161.783	90.9299	
0.801428	2.15218	-1.64508	2.15218	15.8686	-11.7531	-1.64508	-11.7531	9.50303	
5.88025	7.38174	-2.68217	7.38174	10.6297	-3.67507	-2.68217	-3.67507	1.84951	
52.9456	-31.7064	24.0173	-31.7064	19.6691	-14.5187	24.0173	-14.5187	11.5005	
75.2284	-53.5717	-24.1412	-53.5717	38.906	17.3077	-24.1412	17.3077	8.29997	
42.6578	-28.8274	1.04691	-28.8274	20.2125	-0.714734	1.04691	-0.714734	0.529232	
0.742605	1.83625	-1.41944	1.83625	14.4059	-10.7604	-1.41944	-10.7604	8.8428	
15.8312	21.7162	-5.82653	21.7162	31.2611	-8.25146	-5.82653	-8.25146	2.71838	
92.7153	-55.9209	35.9886	-55.9209	34.4114	-21.824	35.9886	-21.824	14.5466	
2.14415	-1.70249	0.0671678	-1.70249	2.40192	-0.0445613	0.0671678	-0.0445613	0.507236	
41.5628	-26.1767	-15.6136	-26.1767	17.1872	9.95283	-15.6136	9.95283	6.44037	
84.3691	-51.9874	-7.88648	-51.9874	32.7256	4.88773	-7.88648	4.88773	1.24277	
0.516641	0.125678	-0.103862	0.125678	5.84349	-3.60406	-0.103862	-3.60406	2.95751	
2.79956	2.8236	-0.539713	2.8236	3.97614	-0.682572	-0.539713	-0.682572	0.670172	
53.2066	-32.8946	17.786	-32.8946	21.0299	-11.101	17.786	-11.101	6.5049	
1.75117	-1.34962	-0.105096	-1.34962	2.14183	0.152782	-0.105096	0.152782	0.51718	
79.3288	-51.4624	-1.83564	-51.4624	34.0967	1.19825	-1.83564	1.19825	0.544456	
1.65221	-2.28545	1.73377	-2.28545	5.10291	-3.52074	1.73377	-3.52074	3.20482	
29.4074	41.3689	-24.8753	41.3689	59.7078	-35.6012	-24.8753	-35.6012	21.9068	
74.2565	-48.7678	26.2595	-48.7678	32.7459	-17.3638	26.2595	-17.3638	9.85079	
0.667974	-0.702552	0.00635478	-0.702552	4.15965	-0.204066	0.00635478	-0.204066	0.543919	
40.6926	-27.9031	-2.10076	-27.9031	19.8718	1.45968	-2.10076	1.45968	0.613236	
1.58272	4.38438	1.65619	4.38438	18.2873	6.73703	1.65619	6.73703	3.06139	
2.10244	-2.99695	2.25298	-2.99695	6.15033	-4.26973	2.25298	-4.26973	3.73713	
1.35829	1.06277	-0.385769	1.06277	1.82848	-0.517329	-0.385769	-0.517329	0.799056	
301.056	-201.119	89.4655	-201.119	135.081	-59.8666	89.4655	-59.8666	27.131	
80.593	-53.0191	-13.3935	-53.0191	35.598	8.86713	-13.3935	8.86713	2.74089	
1.58272	4.38438	1.65619	4.38438	18.2873	6.73703	1.65619	6.73703	3.06139	
1.65363	-2.99098	1.63703	-2.99098	8.40837	-4.29887	1.63703	-4.29887	2.84237	
30.1227	36.1563	-31.7325	36.1563	44.6355	-38.7336	-31.7325	-38.7336	34.4935	
3.0853	2.34652	0.298766	2.34652	2.65324	0.242106	0.298766	0.242106	0.570563	
35.9813	-21.6016	9.33375	-21.6016	13.6514	-5.68225	9.33375	-5.68225	2.95987	
15.8699	-11.8823	10.7689	-11.8823	9.69654	-8.33196	10.7689	-8.33196	8.04945	
86.5432	-57.2944	-13.4294	-57.2944	38.6512	8.94263	-13.4294	8.94263	2.59753	
6.42788	16.2884	12.9949	16.2884	45.279	35.7241	12.9949	35.7241	29.0003	
6.81233	11.8274	-10.2593	11.8274	22.6693	-19.2348	-10.2593	-19.2348	17.1917	
5.48283	4.25225	1.03925	4.25225	4.14251	0.871591	1.03925	0.871591	0.733776	
64.832	-35.3103	21.5341	-35.3103	19.8812	-11.819	21.5341	-11.819	7.71036	
24.5273	-15.4606	-5.01961	-15.4606	10.4487	3.23178	-5.01961	3.23178	1.55546	
2.33829	5.57289	-6.71867	5.57289	17.3949	-20.3702	-6.71867	-20.3702	25.0722	
5.2188	2.81236	-12.0776	2.81236	2.18275	-7.19849	-12.0776	-7.19849	31.4124	
4.35477	3.69366	0.645397	3.69366	4.043	0.607947	0.645397	0.607947	0.637545	
57.8649	-40.124	-11.5862	-40.124	28.5658	8.10276	-11.5862	8.10276	2.84158	
5.1311	17.466	-24.0664	17.466	66.3775	-90.7697	-24.0664	-90.7697	125.569	
46.1833	30.8582	-83.3669	30.8582	21.3443	-56.3134	-83.3669	-56.3134	152.638	
2.3757	1.96322	0.794611	1.96322	2.5554	0.82583	0.794611	0.82583	0.896752	
164.917	-108.378	-46.8195	-108.378	71.9393	30.8615	-46.8195	30.8615	13.8326	
1.48968	5.16232	-7.03881	5.16232	27.4918	-36.7914	-7.03881	-36.7914	50.651	
7.82498	4.56295	-15.961	4.56295	3.34334	-9.93925	-15.961	-9.93925	35.2906	
7.48162	7.36499	0.807437	7.36499	8.2708	0.847162	0.807437	0.847162	0.608589	
177.58	-113.254	-52.9345	-113.254	72.9338	33.8549	-52.9345	33.8549	16.3237	
5.11961	3.44496	-11.8259	3.44496	3.07126	-8.81418	-11.8259	-8.81418	30.7831	
39.6977	-29.7649	11.6597	-29.7649	23.1052	-8.8564	11.6597	-8.8564	3.97038	
0.657453	1.05374	-1.4814	1.05374	7.689	-10.0447	-1.4814	-10.0447	14.5623	
7.82498	4.56295	-15.961	4.56295	3.34334	-9.93925	-15.961	-9.93925	35.2906	
30.8846	31.4385	4.79719	31.4385	33.029	4.96307	4.79719	4.96307	1.26073	
153.825	-91.6845	-35.5502	-91.6845	55.3258	21.2585	-35.5502	21.2585	8.74291	
6.07888	4.46888	-16.31	4.46888	4.08331	-13.0638	-16.31	-13.0638	48.1829	
91.1044	-67.4311	21.4944	-67.4311	50.6857	-15.9963	21.4944	-15.9963	5.59964	
1.63846	4.47264	-7.00976	4.47264	18.0773	-27.5398	-7.00976	-27.5398	43.6607	
18.6851	10.2334	-42.6626	10.2334	6.25889	-24.0066	-42.6626	-24.0066	100.592	
93.9853	95.9823	30.7928	95.9823	99.0469	31.616	30.7928	31.616	10.6433	
149.538	-96.8552	-33.9234	-96.8552	63.444	22.046	-33.9234	22.046	8.22158	
6.07888	4.46888	-16.31	4.46888	4.08331	-13.0638	-16.31	-13.0638	48.1829	
4.85419	-2.88167	0.180165	-2.88167	2.43151	-0.143054	0.180165	-0.143054	0.530722	
0.797856	1.05458	-0.981819	1.05458	4.25375	-3.52751	-0.981819	-3.52751	3.86833	
10.157	4.65965	-20.1839	4.65965	2.74835	-9.73887	-20.1839	-9.73887	42.7044	
147.255	154.05	42.7501	154.05	162.208	44.8752	42.7501	44.8752	12.9532	
43.0686	-35.2328	-12.684	-35.2328	29.6651	10.4974	-12.684	10.4974	4.27958	
11.212	9.54862	-34.1219	9.54862	9.01298	-30.4157	-34.1219	-30.4157	109.191	
45.6176	-36.8916	14.5953	-36.8916	30.6697	-11.9349	14.5953	-11.9349	5.22159	
0.543489	0.318709	-0.252117	0.318709	2.86146	-1.81604	-0.252117	-1.81604	2.00024	
7.77948	5.84133	-24.7869	5.84133	5.18731	-19.8902	-24.7869	-19.8902	84.918	
98.1369	101.102	24.9618	101.102	105.19	25.8482	24.9618	25.8482	6.8821	
42.5423	-39.741	-16.5794	-39.741	38.0696	15.6716	-16.5794	15.6716	7.03814	
11.212	9.54862	-34.1219	9.54862	9.01298	-30.4157	-34.1219	-30.4157	109.191	
45.6176	-36.8916	14.5953	-36.8916	30.6697	-11.9349	14.5953	-11.9349	5.22159	
0.516191	0.190652	-0.142133	0.190652	2.78259	-1.76553	-0.142133	-1.76553	1.97221	
7.85896	5.98994	-25.2831	5.98994	5.3756	-20.5795	-25.2831	-20.5795	87.3812	
8.68907	8.75391	2.59285	8.75391	9.85833	2.77466	2.59285	2.77466	1.33528	
238.813	-168.177	-13.1845	-168.177	119.183	9.3042	-13.1845	9.3042	1.22954	
2.43535	-1.67576	0.354005	-1.67576	2.06649	-0.290926	0.354005	-0.290926	0.566859	
17.837	17.9268	-54.4094	17.9268	19.0371	-56.2598	-54.4094	-56.2598	171.255	
26.6392	-13.2039	0.024451	-13.2039	7.17404	-0.0163297	0.024451	-0.0163297	0.503718	
4.08089	17.1155	-22.3768	17.1155	82.3173	-106.969	-22.3768	-106.969	140.354	
1.2391	0.728064	-0.90719	0.728064	1.21825	-0.880899	-0.90719	-0.880899	1.76691	
8.68907	8.75391	2.59285	8.75391	9.85833	2.77466	2.59285	2.77466	1.33528	
154.199	-103.85	73.1793	-103.85	70.669	-49.445	73.1793	-49.445	35.3424	
36.8438	-22.4262	-2.8129	-22.4262	14.3409	1.73321	-2.8129	1.73321	0.720043	
2.43535	-1.67576	0.354005	-1.67576	2.06649	-0.290926	0.354005	-0.290926	0.566859	
17.9435	21.7102	-67.8805	21.7102	27.5206	-84.4842	-67.8805	-84.4842	264.655	
262.203	-135.003	16.4178	-135.003	70.1429	-8.46946	16.4178	-8.46946	1.53015	
4.08089	17.1155	-22.3768	17.1155	82.3173	-106.969	-22.3768	-106.969	140.354	
1.6631	1.8097	-1.60403	1.8097	3.31734	-2.48694	-1.60403	-2.48694	2.76165	
8.4129	7.36651	2.4341	7.36651	7.36522	2.27665	2.4341	2.27665	1.26406	
185.228	-130.337	86.7596	-130.337	92.4616	-61.2143	86.7596	-61.2143	41.2477	
215.991	-119.924	26.6856	-119.924	67.2403	-14.8509	26.6856	-14.8509	3.80465	
2.17947	-1.77368	0.079778	-1.77368	2.50777	-0.0589911	0.079778	-0.0589911	0.508531	
9.90161	13.3736	-40.5291	13.3736	19.5244	-57.655	-40.5291	-57.655	175.229	
37.5796	-22.4917	-2.22729	-22.4917	14.1439	1.35291	-2.22729	1.35291	0.637626	
2.29314	7.4209	-8.04776	7.4209	31.2125	-33.3041	-8.04776	-33.3041	36.6212	
13.1256	16.7792	-24.607	16.7792	22.8005	-32.7059	-24.607	-32.7059	48.4692	
1.81062	1.51269	0.681887	1.51269	2.28645	0.847448	0.681887	0.847448	0.944852	
144.589	-89.2639	46.1873	-89.2639	55.7995	-28.613	46.1873	-28.613	15.3058	
1.29151	-0.530585	-0.296048	-0.530585	1.13657	0.212283	-0.296048	0.212283	0.611412	
3.83441	5.18371	-13.6741	5.18371	8.56464	-21.2763	-13.6741	-21.2763	56.6327	
25.9461	-19.5327	-0.0212173	-19.5327	15.5002	0.0131866	-0.0212173	0.0131866	0.501443	
1.43914	9.75076	-16.9556	9.75076	101.749	-176.061	-16.9556	-176.061	306.65	
1.0183	1.02656	-1.61686	1.02656	2.57622	-3.20138	-1.61686	-3.20138	5.54389	
2.32552	2.31258	1.2528	2.31258	3.45844	1.63013	1.2528	1.63013	1.4241	
4.1176	2.79725	-0.0112269	2.79725	2.68676	-0.0344304	-0.0112269	-0.0344304	0.527855	
308.647	-182.005	118.383	-182.005	108	-69.9219	118.383	-69.9219	45.9796	
3.79663	5.35481	-13.7096	5.35481	9.20291	-22.2852	-13.7096	-22.2852	57.5674	
70.6431	-48.6399	0.144461	-48.6399	34.2287	-0.100181	0.144461	-0.100181	0.5022	
1.53734	10.2806	-18.3245	10.2806	102.395	-181.62	-18.3245	-181.62	324.226	
1.17482	1.59798	-2.25476	1.59798	4.30541	-5.33359	-2.25476	-5.33359	8.03537	
2.45336	2.75685	1.47846	2.75685	4.40806	2.11738	1.47846	2.11738	1.67404	
2.68834	2.0168	0.192511	2.0168	2.38542	0.143298	0.192511	0.143298	0.560529	
78.9967	-42.4487	30.7387	-42.4487	23.4552	-16.6231	30.7387	-16.6231	12.539	
0.803974	-0.218964	0.400007	-0.218964	0.937185	-0.663654	0.400007	-0.663654	1.53097	
31.557	-22.6522	0.0798106	-22.6522	17.024	-0.0608181	0.0798106	-0.0608181	0.50368	
1.85002	-6.32708	6.78982	-6.32708	30.2291	-31.8987	6.78982	-31.8987	34.7269	
6.91282	10.5982	-46.0901	10.5982	18.0157	-76.1734	-46.0901	-76.1734	331.768	
0.684518	2.11289	4.06579	2.11289	24.8223	46.8217	4.06579	46.8217	90.637	
2.53351	4.11977	1.52856	4.11977	8.8474	3.10187	1.52856	3.10187	1.67522	
3.60777	2.68646	0.385658	2.68646	2.83816	0.310346	0.385658	0.310346	0.581236	
68.7813	-34.947	30.6565	-34.947	18.3866	-15.6913	30.6565	-15.6913	14.2662	
9.36579	14.7612	-34.8166	14.7612	25.0772	-57.9676	-34.8166	-57.9676	137.228	
128.613	-86.6423	-4.20362	-86.6423	59.097	2.84252	-4.20362	2.84252	0.638075	
1.23574	2.09929	-3.75949	2.09929	6.49028	-10.7312	-3.75949	-10.7312	19.7578	
0.588035	1.65055	3.14342	1.65055	31.599	59.2502	3.14342	59.2502	113.388	
1.54773	2.51372	0.780296	2.51372	6.53548	1.86083	0.780296	1.86083	1.10882	
3.64671	2.95371	0.387658	2.95371	3.28322	0.344961	0.387658	0.344961	0.581317	
230.352	-108.296	94.4843	-108.296	51.5243	-44.5167	94.4843	-44.5167	39.3395	
5.93005	10.1995	-23.4284	10.1995	19.661	-44.0081	-23.4284	-44.0081	101.585	
148.415	-94.1398	-3.25599	-94.1398	60.4153	2.07266	-3.25599	2.07266	0.571935	
4.03631	-6.3364	5.94675	-6.3364	11.8819	-10.6872	5.94675	-10.6872	10.5359	
4.83647	15.3403	-26.542	15.3403	54.7749	-93.9066	-26.542	-93.9066	162.977	
0.50423	0.364279	0.676682	0.364279	32.3696	59.2526	0.676682	59.2526	110.669	
1.54627	2.60431	0.837299	2.60431	6.99092	2.07027	0.837299	2.07027	1.19306	
2.74544	2.63653	0.322177	2.63653	3.59701	0.386025	0.322177	0.386025	0.592977	
2.22083	4.22247	-9.89013	4.22247	10.8644	-24.2676	-9.89013	-24.2676	57.3417	
1.96666	-1.32208	1.53944	-1.32208	1.71923	-1.44546	1.53944	-1.44546	2.2373	
2.40163	4.82707	-10.2351	4.82707	12.754	-25.9787	-10.2351	-25.9787	55.5919	
0.521585	-0.649725	-1.14408	-0.649725	20.084	34.5015	-1.14408	34.5015	61.2924	
1.02144	1.0699	0.281832	1.0699	2.75108	0.52331	0.281832	0.52331	0.706368	
1.22714	1.37871	0.16386	1.37871	3.4438	0.364149	0.16386	0.364149	0.545594	
0.605494	0.372734	-1.11541	0.372734	1.82255	-3.92593	-1.11541	-3.92593	12.334	
114.72	-69.1471	-9.12186	-69.1471	42.3611	5.52288	-9.12186	5.52288	1.22921	
5.19333	-4.01302	2.96656	-4.01302	3.93163	-2.53363	2.96656	-2.53363	2.40313	
2.01219	6.50364	-13.187	6.50364	28.4873	-56.7409	-13.187	-56.7409	115.539	
0.584288	-1.09581	-1.88017	-1.09581	14.8054	24.5733	-1.88017	24.5733	42.7244	
1.02144	1.0699	0.281832	1.0699	2.75108	0.52331	0.281832	0.52331	0.706368	
1.22714	1.37871	0.16386	1.37871	3.4438	0.364149	0.16386	0.364149	0.545594	
0.510214	0.0509448	-0.21154	0.0509448	0.908032	-1.31225	-0.21154	-1.31225	5.31069	
257.167	-130.376	-3.13596	-130.376	66.7263	1.59295	-3.13596	1.59295	0.538315	
10.8967	-7.5844	4.90877	-7.5844	6.03965	-3.57424	4.90877	-3.57424	2.8243	
0.926133	2.42021	-4.61955	2.42021	14.3152	-26.3454	-4.61955	-26.3454	50.7488	
18.2211	4.21902	-70.3238	4.21902	1.50472	-16.7422	-70.3238	-16.7422	279.572	
1.96123	-2.10556	-2.4182	-2.10556	3.55671	3.53248	-2.4182	3.53248	4.60321	
1.1354	1.20642	0.315007	1.20642	2.82071	0.555829	0.315007	0.555829	0.71547	
3.6703	4.55033	0.867823	4.55033	7.10271	1.26416	0.867823	1.26416	0.742369	
0.50363	-0.00710295	-0.0267933	-0.00710295	0.913542	-1.04159	-0.0267933	-1.04159	3.6926	
225.724	-115.765	-10.175	-115.765	60.0036	5.23017	-10.175	5.23017	0.959882	
11.2406	-11.9987	7.50267	-11.9987	13.9222	-8.38721	7.50267	-8.38721	5.74266	
0.926133	2.42021	-4.61955	2.42021	14.3152	-26.3454	-4.61955	-26.3454	50.7488	
6.27836	2.73224	-24.4041	2.73224	1.79372	-11.545	-24.4041	-11.545	103.586	
1.94115	-1.85583	-1.83983	-1.85583	2.89508	2.3904	-1.83983	2.3904	2.93409	
1.52165	1.80083	0.38165	1.80083	3.69025	0.645679	0.38165	0.645679	0.688408	
69.4706	90.6525	4.01134	90.6525	119.651	5.27194	4.01134	5.27194	0.734011	
0.5027	0.00743495	-0.0519165	0.00743495	0.961361	-0.933881	-0.0519165	-0.933881	2.91714	
180.813	-157.701	-0.165572	-157.701	138.425	0.14496	-0.165572	0.14496	0.500379	
3.1066	-1.23737	1.99703	-1.23737	1.11274	-0.921092	1.99703	-0.921092	2.05857	
0.50508	-0.467735	0.892024	-0.467735	43.8139	-82.5756	0.892024	-82.5756	157.929	
8.24209	5.16135	-35.8839	5.16135	3.94087	-23.9227	-35.8839	-23.9227	166.835	
2.01544	-1.78971	-1.87883	-1.78971	2.61415	2.22522	-1.87883	2.22522	2.90449	
0.88786	1.01997	0.325048	1.01997	3.18232	0.856687	0.325048	0.856687	0.854162	
34.2374	32.2946	-7.17859	32.2946	31.4135	-6.8712	-7.17859	-6.8712	2.03069	
0.742067	0.0168029	0.310148	0.0168029	0.780892	-0.238624	0.310148	-0.238624	1.13932	
153.865	-118.161	-8.91442	-118.161	91.5379	6.86813	-8.91442	6.86813	1.01867	
106.091	-61.4097	62.7883	-61.4097	36.2155	-36.5171	62.7883	-36.5171	37.8367	
0.564833	-0.21166	-0.442471	-0.21166	1.8567	2.55216	-0.442471	2.55216	5.36273	
0.500044	0.0248209	-0.0514704	0.0248209	30.4505	-62.5442	-0.0514704	-62.5442	131.113	
8.27937	5.8651	-36.6853	5.8651	4.9222	-27.6607	-36.6853	-27.6607	173.517	
3.85419	-3.80099	-3.51355	-3.80099	4.80731	3.98179	-3.51355	3.98179	4.21252	
1.20828	2.55031	1.40158	2.55031	9.71859	5.03731	1.40158	5.03731	3.27598	
29.4761	24.8701	1.99021	24.8701	21.8528	1.70668	1.99021	1.70668	0.637021	
0.734909	0.0221565	0.25544	0.0221565	0.968572	-0.0755532	0.25544	-0.0755532	0.799051	
198.889	-112.808	-13.2475	-112.808	64.6451	7.53266	-13.2475	7.53266	1.38502	
76.9895	-51.3337	41.5283	-51.3337	34.9527	-27.8717	41.5283	-27.8717	23.0478	
0.52052	0.186184	0.350184	0.186184	2.67306	4.31385	0.350184	4.31385	9.14616	
0.510199	1.0237	-1.9387	1.0237	103.492	-195.05	-1.9387	-195.05	369.895	
8.27937	5.8651	-36.6853	5.8651	4.9222	-27.6607	-36.6853	-27.6607	173.517	
7.09858	-5.38015	-3.51072	-5.38015	4.89103	2.87269	-3.51072	2.87269	2.39196	
0.863238	1.13566	0.428122	1.13566	4.05985	1.31771	0.428122	1.31771	1.05149	
2.3844	1.69508	-0.524498	1.69508	2.02479	-0.47188	-0.524498	-0.47188	0.718661	
0.512084	0.0625196	0.0109027	0.0625196	0.824075	0.0352747	0.0109027	0.0352747	1.24464	
49.9505	-28.6935	2.40145	-28.6935	17.1536	-1.39415	2.40145	-1.39415	0.616743	
27.0444	-17.0461	3.8733	-17.0461	11.4485	-2.49046	3.8733	-2.49046	1.07038	
0.512481	0.0582217	0.183915	0.0582217	0.83573	1.28351	0.183915	1.28351	6.03393	
0.519816	0.81029	-1.73937	0.81029	34.7299	-73.4442	-1.73937	-73.4442	158.084	
8.43544	7.23255	-40.3237	7.23255	7.09192	-36.7519	-40.3237	-36.7519	205.413	
45.4831	-35.4026	-14.8616	-35.4026	28.3651	11.6986	-14.8616	11.6986	5.41186	
1.41812	2.22333	2.72072	2.22333	5.88883	6.58026	2.72072	6.58026	8.57681	
5.90825	2.90283	-0.306584	2.90283	2.09594	-0.150575	-0.306584	-0.150575	0.522542	
0.722459	0.161531	-0.176223	0.161531	0.796566	0.12342	-0.176223	0.12342	0.992079	
242.737	-135.684	40.5424	-135.684	76.5007	-22.7088	40.5424	-22.7088	7.28546	
105.499	-56.12	17.9857	-56.12	30.4966	-9.61354	17.9857	-9.61354	3.58103	
2.79001	2.38242	-10.4718	2.38242	2.97936	-10.8904	-10.4718	-10.8904	48.4061	
0.84744	4.66592	-10.1511	4.66592	63.1812	-136.364	-10.1511	-136.364	297.164	
15.4962	12.659	-63.5597	12.659	11.1866	-53.6555	-63.5597	-53.6555	269.896	
95.3623	-69.1113	-29.8166	-69.1113	50.8509	21.7233	-29.8166	21.7233	9.87293	
1.26629	0.733844	-0.435903	0.733844	1.21841	-0.371924	-0.435903	-0.371924	0.880499	
0.614913	0.0566884	-0.343444	0.0566884	0.528008	-0.178108	-0.343444	-0.178108	3.28272	
199.855	-95.5767	32.661	-95.5767	46.3229	-15.6588	32.661	-15.6588	5.85099	
66.7991	-48.894	9.87456	-48.894	36.5595	-7.28116	9.87456	-7.28116	1.97165	
2.62952	2.10661	-9.0581	2.10661	2.58444	-8.95668	-9.0581	-8.95668	39.0619	
0.594107	2.17282	-5.10893	2.17282	50.7102	-118.051	-5.10893	-118.051	278.057	
7.66711	7.04068	-31.8436	7.04068	7.41865	-31.2869	-31.8436	-31.2869	141.993	
6.03539	15.3735	8.82625	15.3735	43.2176	24.5292	8.82625	24.5292	14.586	
0.923058	0.677841	-0.384146	0.677841	1.58938	-0.593558	-0.384146	-0.593558	0.993887	
0.612944	0.0423312	-0.136583	0.0423312	0.540566	-0.276405	-0.136583	-0.276405	2.71861	
44.5971	-30.9817	8.70291	-30.9817	22.2695	-6.11273	8.70291	-6.11273	2.21886	
2.45431	1.94703	-8.05855	1.94703	2.44	-8.02532	-8.05855	-8.02532	33.7733	
0.502489	0.268067	-0.606318	0.268067	38.1504	-85.1402	-0.606318	-85.1402	193.03	
4.87999	7.71972	-31.3906	7.71972	14.1071	-55.3313	-31.3906	-55.3313	225.497	
1.33534	2.64286	0.944464	2.64286	8.86829	3.00358	0.944464	3.00358	1.60306	
0.781124	0.574301	-0.382295	0.574301	1.72308	-0.719069	-0.382295	-0.719069	1.09676	
256.397	-118.49	118.163	-118.49	55.3656	-54.7141	118.163	-54.7141	55.063	
0.579868	0.0373357	-0.0332987	0.0373357	0.591508	-0.455947	-0.0332987	-0.455947	3.13272	
16.536	-11.5989	1.15691	-11.5989	8.89185	-0.83252	1.15691	-0.83252	0.591354	
2.20458	1.74752	-6.9135	1.74752	2.29189	-7.08364	-6.9135	-7.08364	28.5876	
0.57134	-0.980652	2.33593	-0.980652	14.3963	-33.0826	2.33593	-33.0826	79.2595	
5.53225	10.0783	-40.3804	10.0783	20.6846	-80.8732	-40.3804	-80.8732	324.534	
1.07242	2.06369	0.763525	2.06369	7.94429	2.76543	0.763525	2.76543	1.55693	
0.734344	0.523693	-0.35979	0.523693	1.73891	-0.738225	-0.35979	-0.738225	1.11551	
105.63	-51.8633	51.3829	-51.8633	26.0865	-25.3493	51.3829	-25.3493	25.6144	
3.21545	1.11303	-4.84288	1.11303	0.961403	-2.00596	-4.84288	-2.00596	9.22149	
14.0256	-8.55294	0.564437	-8.55294	5.90979	-0.353016	0.564437	-0.353016	0.535142	
2.47764	2.26917	-8.38802	2.26917	3.1037	-9.62393	-8.38802	-9.62393	36.1246	
0.670015	-0.897677	2.29925	-0.897677	5.41788	-12.5626	2.29925	-12.5626	32.5971	
5.77952	11.5655	-46.8404	11.5655	25.8358	-102.61	-46.8404	-102.61	416.073	
1.09874	2.17225	0.8252	2.17225	8.38806	2.9822	0.8252	2.9822	1.65649	
0.701215	0.526568	-0.31549	0.526568	1.923	-0.767047	-0.31549	-0.767047	1.07089	
71.8396	-44.2214	16.6516	-44.2214	27.9137	-10.323	16.6516	-10.323	4.38738	
2.19172	2.25114	-7.5213	2.25114	3.49557	-10.0078	-7.5213	-10.0078	33.9854	
1.81905	-2.48569	5.74653	-2.48569	5.21842	-10.8901	5.74653	-10.8901	25.6438	
4.24424	9.5228	-38.951	9.5228	24.7201	-99.0667	-38.951	-99.0667	405.71	
0.931868	1.6974	0.60751	1.6974	7.19135	2.3687	0.60751	2.3687	1.37274	
1.12907	1.5856	-0.622986	1.5856	4.51528	-1.54587	-0.622986	-1.54587	1.14873	
206.005	-113.934	47.2697	-113.934	63.6661	-26.207	47.2697	-26.207	11.3732	
2.01705	2.33743	-7.7066	2.33743	4.10208	-11.8703	-7.7066	-11.8703	39.6711	
12.7685	-18.7484	38.8139	-18.7484	29.1525	-59.3149	38.8139	-59.3149	123.296	
3.7294	8.53753	-34.0926	8.53753	23.0715	-90.1328	-34.0926	-90.1328	360.42	
0.518585	0.188539	0.0755726	0.188539	2.76026	1.1127	0.0755726	1.1127	1.15182	
1.15417	1.63738	-0.650818	1.63738	4.61576	-1.60571	-0.650818	-1.60571	1.17869	
54.199	-29.3921	14.5801	-29.3921	16.5878	-7.98076	14.5801	-7.98076	4.46184	
1.49382	1.77861	-5.47513	1.77861	3.68584	-9.79336	-5.47513	-9.79336	30.6739	
16.1167	-17.634	29.0438	-17.634	20.4151	-32.8012	29.0438	-32.8012	54.5253	
3.04677	8.04327	-30.1467	8.04327	25.9034	-95.2121	-30.1467	-95.2121	357.358	
1.05717	1.46681	-0.641175	1.46681	4.36156	-1.68887	-0.641175	-1.68887	1.2944	
166.44	-72.4927	29.8262	-72.4927	32.1696	-13.0303	29.8262	-13.0303	5.86143	
1.13176	1.87303	-5.08298	1.87303	6.05662	-15.0675	-5.08298	-15.0675	41.3978	
5.11922	-6.01176	8.27043	-6.01176	8.34645	-10.7788	8.27043	-10.7788	15.318	
2.5901	7.14774	-26.362	7.14774	24.9445	-90.1538	-26.362	-90.1538	332.999	
1.35029	1.7982	-0.84613	1.7982	4.31394	-1.81737	-0.84613	-1.81737	1.41249	
57.8459	-27.3633	7.62047	-27.3633	13.5588	-3.63797	7.62047	-3.63797	1.51414	
0.68485	1.57954	-3.09737	1.57954	13.9973	-26.4693	-3.09737	-26.4693	52.424	
6.04217	-3.71413	7.64763	-3.71413	2.99195	-5.11841	7.64763	-5.11841	11.0685	
0.519042	0.0938421	-0.577023	0.0938421	0.962474	-2.84369	-0.577023	-2.84369	18.4845	
1.68403	-2.12134	-1.02923	-2.12134	4.30373	1.8329	-1.02923	1.8329	1.43464	
1.02799	1.82869	-0.0562846	1.82869	7.22257	-0.158167	-0.0562846	-0.158167	0.509477	
148.953	-99.7444	9.8667	-99.7444	67.5181	-6.629	9.8667	-6.629	1.156	
2.20684	6.00841	-7.53703	6.00841	21.6696	-26.5646	-7.53703	-26.5646	33.8387	
8.83586	-5.49116	12.3417	-5.49116	4.11972	-8.1255	12.3417	-8.1255	18.7806	
0.887415	2.61909	-9.18154	2.61909	18.2066	-62.0708	-9.18154	-62.0708	218.098	
26.5367	-33.0842	-26.7305	-33.0842	42.5431	33.9696	-26.7305	33.9696	27.9466	
1.0434	2.21996	0.352437	2.21996	9.75435	1.51974	0.352437	1.51974	0.76309	
177.213	-115.963	119.032	-115.963	76.5978	-78.1111	119.032	-78.1111	80.6781	
100.458	-65.6691	18.7298	-65.6691	43.6437	-12.3043	18.7298	-12.3043	4.00994	
1.40454	3.66093	-3.20123	3.66093	15.3692	-12.9767	-3.20123	-12.9767	11.8373	
11.4408	-8.29549	9.63104	-8.29549	6.79378	-7.31041	9.63104	-7.31041	8.99405	
0.972953	3.91728	-12.8888	3.91728	32.9458	-106.755	-12.8888	-106.755	351.755	
35.8506	-34.2135	-27.2862	-34.2135	33.6169	26.4111	-27.2862	26.4111	21.5632	
1.15909	3.41741	0.696978	3.41741	18.3531	3.67298	0.696978	3.67298	1.26319	
239.279	-153.288	164.829	-153.288	98.9055	-105.815	164.829	-105.815	114.282	
32.7693	-17.9336	0.608669	-17.9336	10.4666	-0.33809	0.608669	-0.33809	0.516881	
2.56496	8.45911	-5.52018	8.45911	35.1936	-22.6494	-5.52018	-22.6494	15.2886	
44.6489	-30.7323	33.2318	-30.7323	21.8939	-23.1346	33.2318	-23.1346	25.5177	
0.850885	3.06381	-10.2675	3.06381	27.2536	-89.6593	-10.2675	-89.6593	300.978	
13.1125	-12.8486	-8.58387	-12.8486	13.5974	8.74154	-8.58387	8.74154	6.34315	
1.16332	3.45005	0.706838	3.45005	18.5774	3.7352	0.706838	3.7352	1.27921	
18.2859	-10.1193	0.794487	-10.1193	6.25965	-0.456448	0.794487	-0.456448	0.544018	
25.3063	81.3581	-46.7242	81.3581	267.335	-153.244	-46.7242	-153.244	88.5087	
105.569	-77.4425	68.7361	-77.4425	57.5799	-50.6625	68.7361	-50.6625	45.4678	
0.853695	3.23742	-10.7134	3.23742	30.135	-98.0714	-10.7134	-98.0714	325.051	
247.317	-179.393	-65.7079	-179.393	130.888	47.7583	-65.7079	47.7583	17.9928	
3.10043	11.2877	2.8924	11.2877	49.5306	12.5725	2.8924	12.5725	3.72612	
214.879	-112.299	44.3252	-112.299	59.326	-23.2189	44.3252	-23.2189	9.66505	
0.725621	1.97839	-0.794261	1.97839	18.5916	-7.21604	-0.794261	-7.21604	3.38107	
37.0806	-36.6322	26.2365	-36.6322	37.1883	-26.2746	26.2365	-26.2746	19.3178	
0.685941	2.47789	-7.71623	2.47789	33.5225	-102.835	-7.71623	-102.835	320.739	
92.1086	-68.6103	-25.9671	-68.6103	51.8874	19.4486	-25.9671	19.4486	7.86073	
2.39747	8.3903	2.71978	8.3903	37.6207	12.0424	2.71978	12.0424	4.41119	
287.313	-150.795	167.016	-150.795	79.7816	-87.8102	167.016	-87.8102	97.7563	
78.7081	-38.4362	16.5794	-38.4362	19.3909	-8.14931	16.5794	-8.14931	4.01607	
0.641256	0.182649	-0.28835	0.182649	1.22826	-0.555084	-0.28835	-0.555084	1.15611	
124.744	-70.3407	29.1918	-70.3407	40.3236	-16.5264	29.1918	-16.5264	7.35933	
0.500069	-0.00313379	0.0246145	-0.00313379	0.829226	-2.02191	0.0246145	-2.02191	13.6539	
111.879	-68.6956	-23.7915	-68.6956	42.8695	14.6738	-23.7915	14.6738	5.58311	
6.74511	28.36	6.50275	28.36	129.31	29.533	6.50275	29.533	7.27142	
279.996	-136.612	138.706	-136.612	67.2729	-67.7967	138.706	-67.7967	69.3363	
0.641256	0.182649	-0.28835	0.182649	1.22826	-0.555084	-0.28835	-0.555084	1.15611	
26.2477	-17.4396	4.60119	-17.4396	12.3171	-3.11326	4.60119	-3.11326	1.32447	
0.994332	-2.87167	8.48209	-2.87167	17.2072	-49.3546	8.48209	-49.3546	146.3	
176.591	-111.36	-13.5517	-111.36	70.924	8.57023	-13.5517	8.57023	1.54342	
2.92582	6.41347	1.55482	6.41347	17.4715	4.10135	1.55482	4.10135	1.50224	
14.1443	8.80043	-27.0209	8.80043	6.18004	-17.4335	-27.0209	-17.4335	54.0189	
18.0562	-11.5581	4.38787	-11.5581	8.11475	-2.88394	4.38787	-2.88394	1.6009	
1.66625	-5.85054	15.0977	-5.85054	29.8602	-75.7613	15.0977	-75.7613	195.997	
2.92582	6.41347	1.55482	6.41347	17.4715	4.10135	1.55482	4.10135	1.50224	
0.986922	-0.246327	-0.533329	-0.246327	0.77171	0.172961	-0.533329	0.172961	1.14791	
18.6002	-11.3292	4.73571	-11.3292	7.59111	-2.9648	4.73571	-2.9648	1.74854	
3.06661	-10.8704	29.5516	-10.8704	46.5425	-125.167	29.5516	-125.167	340.769	
1.33402	2.54594	0.434215	2.54594	8.33182	1.29799	0.434215	1.29799	0.738675	
2.21903	-2.51055	0.642425	-2.51055	4.17181	-0.954391	0.642425	-0.954391	0.789596	
105.624	-66.9389	27.3354	-66.9389	43.1245	-17.4068	27.3354	-17.4068	7.60891	
4.62255	-15.203	41.6453	-15.203	56.5654	-153.579	41.6453	-153.579	421.194	
0.712498	-0.90011	-0.289494	-0.90011	4.38485	1.18398	-0.289494	1.18398	0.91918	
3.5608	-3.94983	2.43564	-3.94983	5.59849	-3.15001	2.43564	-3.15001	2.47261	
26.1201	-16.3387	7.825	-16.3387	10.9229	-4.99423	7.825	-4.99423	2.89496	
0.796138	-0.797567	1.80026	-0.797567	2.66519	-4.92138	1.80026	-4.92138	11.7535	
0.700805	-1.98609	-0.115043	-1.98609	20.5599	1.21882	-0.115043	1.21882	0.58166	
42.8257	-35.8633	31.9821	-35.8633	30.8902	-27.0985	31.9821	-27.0985	24.6663	
204.605	-119.394	71.2546	-119.394	70.3414	-41.6812	71.2546	-41.6812	25.3757	
1.70357	-1.93265	4.43295	-1.93265	3.60355	-7.12152	4.43295	-7.12152	16.8929	
137.983	-102.313	102.154	-102.313	76.6397	-76.0219	102.154	-76.0219	76.4048	
97.6035	-56.7406	30.2186	-56.7406	33.6555	-17.6571	30.2186	-17.6571	9.90505	
1.70357	-1.93265	4.43295	-1.93265	3.60355	-7.12152	4.43295	-7.12152	16.8929	
17.2826	-21.1003	-0.646356	-21.1003	27.0309	0.809574	-0.646356	0.809574	0.529187	
257.346	-162.094	178.058	-162.094	102.797	-112.372	178.058	-112.372	123.938	
161.147	-87.1771	24.7375	-87.1771	47.8078	-13.4238	24.7375	-13.4238	4.30976	
8.66761	-7.0528	11.7167	-7.0528	6.60114	-10.1198	11.7167	-10.1198	17.3084	
4.1935	-3.77824	-0.684747	-3.77824	4.3719	0.686871	-0.684747	0.686871	0.653403	
239.866	-148.618	169.186	-148.618	92.7741	-105.044	169.186	-105.044	120.082	
81.5511	-49.4095	12.3954	-49.4095	30.6218	-7.55543	12.3954	-7.55543	2.39635	
6.86227	-5.67974	8.95974	-5.67974	5.58405	-7.99997	8.95974	-7.99997	13.1178	
