0.522433	-0.479819	0.137087	-0.479819	0.517918	0.137733	0.137087	0.137733	0.960649	
0.413991	-0.474464	0.130001	-0.474464	0.615848	0.105256	0.130001	0.105256	0.971161	
0.45052	-0.450507	0.20987	-0.450507	0.630638	0.172068	0.20987	0.172068	0.919842	
0.413795	-0.491677	-0.0153632	-0.491677	0.587607	-0.0128858	-0.0153632	-0.0128858	0.999597	
0.493832	-0.498329	0.03352	-0.498329	0.509388	0.0330009	0.03352	0.0330009	0.99778	
0.470026	-0.496424	0.0462009	-0.496424	0.535002	0.0432762	0.0462009	0.0432762	0.995972	
0.673399	-0.464385	0.0628743	-0.464385	0.339705	0.0893992	0.0628743	0.0893992	0.987896	
0.76713	-0.345441	0.243062	-0.345441	0.487571	0.36056	0.243062	0.36056	0.746299	
0.800035	-0.310696	0.251489	-0.310696	0.517254	0.390752	0.251489	0.390752	0.68371	
0.812768	-0.223943	0.319121	-0.223943	0.732148	0.381692	0.319121	0.381692	0.456084	
0.74057	-0.248398	0.360785	-0.248398	0.762166	0.345441	0.360785	0.345441	0.498264	
0.50893	-0.489504	0.0990709	-0.489504	0.512057	0.098755	0.0990709	0.098755	0.980013	
0.793283	-0.271752	0.299882	-0.271752	0.642751	0.394228	0.299882	0.394228	0.564966	
0.696629	-0.31717	0.332321	-0.31717	0.668404	0.347436	0.332321	0.347436	0.635967	
0.81166	-0.276967	0.275625	-0.276967	0.5927	0.405325	0.275625	0.405325	0.59664	
0.841301	-0.263527	0.252801	-0.263527	0.5624	0.419788	0.252801	0.419788	0.597299	
0.914321	-0.197223	0.198383	-0.197223	0.546019	0.456653	0.198383	0.456653	0.540661	
0.667137	0.125114	0.453959	0.125114	0.952973	-0.170631	0.453959	-0.170631	0.38089	
0.944398	-0.181804	0.139291	-0.181804	0.405547	0.455446	0.139291	0.455446	0.651055	
0.904505	-0.20449	0.210865	-0.20449	0.56211	0.45154	0.210865	0.45154	0.534385	
0.756341	-0.0014117	0.429003	-0.0014117	0.999992	0.00248555	0.429003	0.00248555	0.244667	
0.927484	-0.220891	0.135617	-0.220891	0.327142	0.413103	0.135617	0.413103	0.746374	
0.90054	-0.198951	0.223353	-0.198951	0.602034	0.446777	0.223353	0.446777	0.498426	
0.703576	0.117943	0.440851	0.117943	0.953072	-0.175409	0.440851	-0.175409	0.344352	
0.95249	-0.192891	0.0894343	-0.192891	0.216863	0.363102	0.0894343	0.363102	0.831647	
0.90054	-0.198951	0.223353	-0.198951	0.602034	0.446777	0.223353	0.446777	0.498426	
0.703576	0.117943	0.440851	0.117943	0.953072	-0.175409	0.440851	-0.175409	0.344352	
0.751395	-0.0301445	0.430863	-0.0301445	0.996345	0.0522443	0.430863	0.0522443	0.25326	
0.952285	-0.176436	0.119417	-0.176436	0.347584	0.441573	0.119417	0.441573	0.701131	
0.786983	-0.245093	0.327654	-0.245093	0.718	0.376992	0.327654	0.376992	0.496017	
0.790852	-0.00341919	0.406429	-0.00341919	0.999944	0.00664437	0.406429	0.00664437	0.210204	
0.88137	-0.20494	0.249876	-0.20494	0.645956	0.431674	0.249876	0.431674	0.473675	
0.790852	-0.00341919	0.406429	-0.00341919	0.999944	0.00664437	0.406429	0.00664437	0.210204	
0.626329	-0.203673	0.438389	-0.203673	0.888986	0.238948	0.438389	0.238948	0.485684	
0.863789	-0.328241	0.0988909	-0.328241	0.209007	0.238307	0.0988909	0.238307	0.928204	
0.593742	-0.281921	0.401655	-0.281921	0.804362	0.278727	0.401655	0.278727	0.602896	
0.754536	-0.382083	0.19743	-0.382083	0.40526	0.307315	0.19743	0.307315	0.841204	
0.918112	-0.236105	0.139122	-0.236105	0.319246	0.401126	0.139122	0.401126	0.763642	
0.826668	-0.36631	0.0945085	-0.36631	0.225862	0.199729	0.0945085	0.199729	0.94847	
0.866149	-0.229223	0.251512	-0.229223	0.607452	0.430719	0.251512	0.430719	0.5274	
0.870739	-0.324122	0.0858387	-0.324122	0.187264	0.21524	0.0858387	0.21524	0.942997	
0.805301	-0.312854	0.242321	-0.312854	0.497289	0.389375	0.242321	0.389375	0.69841	
0.956286	-0.201141	-0.0360799	-0.201141	0.074493	-0.166014	-0.0360799	-0.166014	0.970221	
0.891638	-0.297074	0.0908747	-0.297074	0.185571	0.249133	0.0908747	0.249133	0.923791	
0.803485	-0.30973	0.24853	-0.30973	0.511828	0.391713	0.24853	0.391713	0.685686	
0.956286	-0.201141	-0.0360799	-0.201141	0.074493	-0.166014	-0.0360799	-0.166014	0.970221	
0.902226	-0.287859	0.0724814	-0.287859	0.152506	0.213395	0.0724814	0.213395	0.946268	
0.803485	-0.30973	0.24853	-0.30973	0.511828	0.391713	0.24853	0.391713	0.685686	
0.956286	-0.201141	-0.0360799	-0.201141	0.074493	-0.166014	-0.0360799	-0.166014	0.970221	
0.902226	-0.287859	0.0724814	-0.287859	0.152506	0.213395	0.0724814	0.213395	0.946268	
0.846993	-0.295626	0.205057	-0.295626	0.42882	0.396192	0.205057	0.396192	0.725187	
0.975837	-0.140851	0.0609548	-0.140851	0.178933	0.355325	0.0609548	0.355325	0.84623	
0.809254	-0.249599	0.303103	-0.249599	0.673388	0.396623	0.303103	0.396623	0.518358	
0.929095	-0.152996	0.205911	-0.152996	0.669873	0.444303	0.205911	0.444303	0.402032	
0.977901	-0.137656	0.0513721	-0.137656	0.142522	0.320005	0.0513721	0.320005	0.880576	
0.783661	-0.378087	0.16239	-0.378087	0.339233	0.283802	0.16239	0.283802	0.878106	
0.873846	-0.184297	0.275949	-0.184297	0.730763	0.40313	0.275949	0.40313	0.396391	
0.949074	-0.219697	-0.00388057	-0.219697	0.0522219	-0.0167409	-0.00388057	-0.0167409	0.999704	
0.98808	-0.106535	0.0204134	-0.106535	0.0478779	0.182439	0.0204134	0.182439	0.965042	
0.869943	-0.254842	0.219243	-0.254842	0.500644	0.429599	0.219243	0.429599	0.630412	
0.748405	-0.205384	0.381917	-0.205384	0.83234	0.31177	0.381917	0.31177	0.420255	
0.937759	-0.239496	-0.0307589	-0.239496	0.0784416	-0.118357	-0.0307589	-0.118357	0.984799	
0.970937	-0.13383	0.101383	-0.13383	0.383727	0.466855	0.101383	0.466855	0.646336	
0.708946	-0.350985	0.287854	-0.350985	0.576744	0.347126	0.287854	0.347126	0.71531	
0.704041	-0.219481	0.399874	-0.219481	0.837235	0.296544	0.399874	0.296544	0.459724	
0.937759	-0.239496	-0.0307589	-0.239496	0.0784416	-0.118357	-0.0307589	-0.118357	0.984799	
0.995722	-0.05698	0.031767	-0.05698	0.241145	0.423071	0.031767	0.423071	0.764133	
0.577664	-0.35554	0.342253	-0.35554	0.700691	0.288123	0.342253	0.288123	0.722645	
0.937759	-0.239496	-0.0307589	-0.239496	0.0784416	-0.118357	-0.0307589	-0.118357	0.984799	
0.915522	0.269842	-0.0666496	0.269842	0.138062	0.212894	-0.0666496	0.212894	0.947416	
0.533043	-0.462694	0.185351	-0.462694	0.541529	0.183659	0.185351	0.183659	0.926428	
0.349462	-0.313967	0.357928	-0.313967	0.848471	0.172746	0.357928	0.172746	0.803067	
0.937759	-0.239496	-0.0307589	-0.239496	0.0784416	-0.118357	-0.0307589	-0.118357	0.984799	
0.814467	-0.182485	0.342963	-0.182485	0.820512	0.33733	0.342963	0.33733	0.366021	
0.829529	0.374717	-0.0287682	0.374717	0.176326	0.0632361	-0.0287682	0.0632361	0.995145	
0.766694	-0.397331	0.144116	-0.397331	0.323328	0.245435	0.144116	0.245435	0.910978	
0.493751	-0.365443	0.340449	-0.365443	0.736199	0.245759	0.340449	0.245759	0.77105	
0.937759	-0.239496	-0.0307589	-0.239496	0.0784416	-0.118357	-0.0307589	-0.118357	0.984799	
0.643973	0.472489	-0.0752968	0.472489	0.372951	0.0999277	-0.0752968	0.0999277	0.984075	
0.92014	-0.223371	0.153324	-0.223371	0.375227	0.42885	0.153324	0.42885	0.705634	
0.642279	-0.383865	0.286438	-0.383865	0.58808	0.307372	0.286438	0.307372	0.77064	
0.543419	0.48783	-0.0983884	0.48783	0.478783	0.105122	-0.0983884	0.105122	0.978798	
0.968295	-0.14863	0.0926116	-0.14863	0.30323	0.434159	0.0926116	0.434159	0.729474	
0.64696	-0.436175	0.194425	-0.436175	0.461113	0.240208	0.194425	0.240208	0.892927	
0.443022	0.494595	-0.0396527	0.494595	0.560801	0.0352115	-0.0396527	0.0352115	0.997177	
0.933163	-0.197165	0.153065	-0.197165	0.418375	0.451533	0.153065	0.451533	0.649462	
0.708311	-0.427023	0.15481	-0.427023	0.374852	0.226637	0.15481	0.226637	0.917837	
0.984307	-0.108094	-0.06121	-0.108094	0.255441	-0.421618	-0.06121	-0.421618	0.761252	
0.43268	0.486375	0.0913239	0.486375	0.583021	-0.0782938	0.0913239	-0.0782938	0.985299	
0.710886	-0.326834	0.313715	-0.326834	0.630524	0.354646	0.313715	0.354646	0.659589	
0.666547	-0.448673	0.1436	-0.448673	0.396293	0.193219	0.1436	0.193219	0.93816	
0.956286	-0.201141	-0.0360799	-0.201141	0.074493	-0.166014	-0.0360799	-0.166014	0.970221	
0.213488	0.40593	0.0484273	0.40593	0.790494	-0.024994	0.0484273	-0.024994	0.997018	
0.89619	-0.228924	0.201304	-0.228924	0.49517	0.443921	0.201304	0.443921	0.60964	
0.734567	-0.421113	0.131822	-0.421113	0.331899	0.209136	0.131822	0.209136	0.934534	
0.956286	-0.201141	-0.0360799	-0.201141	0.074493	-0.166014	-0.0360799	-0.166014	0.970221	
0.437068	0.493867	0.0396496	0.493867	0.566724	-0.0347851	0.0396496	-0.0347851	0.997207	
0.86724	-0.237302	0.24226	-0.237302	0.575834	0.433027	0.24226	0.433027	0.557926	
0.763518	-0.414153	0.0938048	-0.414153	0.274691	0.164281	0.0938048	0.164281	0.962791	
0.956286	-0.201141	-0.0360799	-0.201141	0.074493	-0.166014	-0.0360799	-0.166014	0.970221	
0.341858	0.46555	0.0871574	0.46555	0.670684	-0.0616525	0.0871574	-0.0616525	0.988458	
0.997211	0.0451251	-0.0272492	0.0451251	0.269986	0.440826	-0.0272492	0.440826	0.733803	
0.670886	-0.461136	0.0884473	-0.461136	0.353884	0.123927	0.0884473	0.123927	0.97623	
0.327564	0.45714	0.103035	0.45714	0.689224	-0.0700457	0.103035	-0.0700457	0.984212	
0.992112	0.0742519	-0.0480088	0.0742519	0.301074	0.451903	-0.0480088	0.451903	0.707815	
0.586032	-0.486094	0.076793	-0.486094	0.429214	0.0901727	0.076793	0.0901727	0.985755	
0.260811	0.402351	0.173675	0.402351	0.780995	-0.0945335	0.173675	-0.0945335	0.959195	
0.994811	-0.0552176	0.0459163	-0.0552176	0.412461	0.48857	0.0459163	0.48857	0.593729	
0.724531	-0.41093	0.174491	-0.41093	0.386997	0.260296	0.174491	0.260296	0.889472	
0.877661	-0.189125	0.267361	-0.189125	0.707631	0.413314	0.267361	0.413314	0.415708	
0.523886	-0.369325	-0.335488	-0.369325	0.713512	-0.260241	-0.335488	-0.260241	0.763602	
0.288702	0.441603	0.0981276	0.441603	0.725835	-0.0609216	0.0981276	-0.0609216	0.986463	
0.978987	-0.106249	0.0962353	-0.106249	0.462759	0.486608	0.0962353	0.486608	0.559254	
0.727107	-0.410165	0.172959	-0.410165	0.383514	0.25996	0.172959	0.25996	0.89038	
0.870316	-0.192726	0.274942	-0.192726	0.713585	0.408597	0.274942	0.408597	0.417099	
0.702768	-0.43179	-0.148813	-0.43179	0.372737	-0.216181	-0.148813	-0.216181	0.925495	
0.922943	-0.262649	-0.0453614	-0.262649	0.10476	-0.154615	-0.0453614	-0.154615	0.973297	
0.352039	0.461821	0.119082	0.461821	0.670846	-0.0848736	0.119082	-0.0848736	0.978115	
0.99672	-0.0431622	0.0374626	-0.0431622	0.4321	0.492908	0.0374626	0.492908	0.572181	
0.782803	-0.363083	0.194874	-0.363083	0.393043	0.325767	0.194874	0.325767	0.825154	
0.873846	-0.184297	0.275949	-0.184297	0.730763	0.40313	0.275949	0.40313	0.396391	
0.922943	-0.262649	-0.0453614	-0.262649	0.10476	-0.154615	-0.0453614	-0.154615	0.973297	
0.316772	0.444432	0.134997	0.444432	0.710902	-0.0878137	0.134997	-0.0878137	0.973327	
0.999281	0.0212432	-0.0163203	0.0212432	0.372238	0.482284	-0.0163203	0.482284	0.629481	
0.921557	-0.229195	0.14029	-0.229195	0.330343	0.409898	0.14029	0.409898	0.7491	
0.704041	-0.219481	0.399874	-0.219481	0.837235	0.296544	0.399874	0.296544	0.459724	
0.525943	0.44394	-0.227531	0.44394	0.584264	0.213076	-0.227531	0.213076	0.890793	
0.922943	-0.262649	-0.0453614	-0.262649	0.10476	-0.154615	-0.0453614	-0.154615	0.973297	
0.979999	-0.115737	0.0786525	-0.115737	0.330291	0.45512	0.0786525	0.45512	0.690711	
0.944442	-0.184747	0.135218	-0.184747	0.385655	0.449643	0.135218	0.449643	0.670903	
0.704041	-0.219481	0.399874	-0.219481	0.837235	0.296544	0.399874	0.296544	0.459724	
0.437888	0.404321	-0.286539	0.404321	0.709176	0.206104	-0.286539	0.206104	0.853936	
0.922943	-0.262649	-0.0453614	-0.262649	0.10476	-0.154615	-0.0453614	-0.154615	0.973297	
0.35833	0.474602	0.0635682	0.474602	0.648967	-0.0470173	0.0635682	-0.0470173	0.993703	
0.994103	0.0624768	-0.044194	0.0624768	0.338094	0.468211	-0.044194	0.468211	0.668803	
0.963465	-0.15488	0.105717	-0.15488	0.343435	0.448155	0.105717	0.448155	0.6941	
0.599967	-0.182955	0.45402	-0.182955	0.916325	0.207646	0.45402	0.207646	0.484708	
0.201273	0.0719664	-0.393426	0.0719664	0.993516	0.0354482	-0.393426	0.0354482	0.806212	
0.36573	0.397028	-0.271488	0.397028	0.751476	0.169941	-0.271488	0.169941	0.883794	
0.660504	0.429896	-0.197708	0.429896	0.455632	0.250353	-0.197708	0.250353	0.884864	
0.862603	-0.259738	0.22565	-0.259738	0.508986	0.426573	0.22565	0.426573	0.629411	
0.637218	-0.180042	0.445414	-0.180042	0.910649	0.22105	0.445414	0.22105	0.453133	
0.206605	0.0455093	-0.401317	0.0455093	0.99739	0.0230196	-0.401317	0.0230196	0.797005	
0.332563	0.380656	-0.276403	0.380656	0.782902	0.15764	-0.276403	0.15764	0.885534	
0.596036	0.450793	-0.192765	0.450793	0.496948	0.215111	-0.192765	0.215111	0.908016	
0.798581	-0.152977	0.370467	-0.152977	0.883814	0.281369	0.370467	0.281369	0.318605	
0.947282	-0.147531	0.167692	-0.147531	0.587133	0.469286	0.167692	0.469286	0.466585	
0.701219	-0.260747	0.375797	-0.260747	0.772446	0.327959	0.375797	0.327959	0.527335	
0.206605	0.0455093	-0.401317	0.0455093	0.99739	0.0230196	-0.401317	0.0230196	0.797005	
0.332563	0.380656	-0.276403	0.380656	0.782902	0.15764	-0.276403	0.15764	0.885534	
0.335082	0.437057	0.176404	0.437057	0.712718	-0.115952	0.176404	-0.115952	0.9532	
0.540231	0.466014	-0.175366	0.466014	0.527657	0.177747	-0.175366	0.177747	0.933112	
0.785954	-0.135015	0.387024	-0.135015	0.914836	0.244124	0.387024	0.244124	0.30021	
0.978447	-0.109391	0.0953976	-0.109391	0.444798	0.484181	0.0953976	0.484181	0.577755	
0.690457	-0.243808	0.392395	-0.243808	0.807967	0.309066	0.392395	0.309066	0.502576	
0.295483	0.342507	0.300261	0.342507	0.833487	-0.145975	0.300261	-0.145975	0.87203	
0.355604	0.353056	-0.322269	0.353056	0.806566	0.176567	-0.322269	0.176567	0.83883	
0.235806	0.409357	-0.108922	0.409357	0.780719	0.0583466	-0.108922	0.0583466	0.984475	
0.997619	0.0348412	-0.0340502	0.0348412	0.490249	0.498178	-0.0340502	0.498178	0.513132	
0.549205	-0.412346	0.277667	-0.412346	0.622824	0.253984	0.277667	0.253984	0.828971	
0.274467	0.360707	0.261342	0.360707	0.820671	-0.129929	0.261342	-0.129929	0.905863	
0.365303	0.381012	0.293346	0.381012	0.771277	-0.176097	0.293346	-0.176097	0.864421	
0.283076	0.435521	-0.112017	0.435521	0.735427	0.068049	-0.112017	0.068049	0.982498	
0.994541	0.0535913	-0.0505178	0.0535913	0.473924	0.495905	-0.0505178	0.495905	0.532535	
0.56083	-0.421333	0.261418	-0.421333	0.59578	0.2508	0.261418	0.2508	0.84439	
0.198454	0.384691	0.101395	0.384691	0.815373	-0.0486632	0.101395	-0.0486632	0.987174	
0.493378	0.429671	0.254622	0.429671	0.635592	-0.215947	0.254622	-0.215947	0.87203	
0.389806	0.482234	-0.0685368	0.482234	0.618892	0.0541645	-0.0685368	0.0541645	0.992302	
0.9901	-0.0813961	-0.0562748	-0.0813961	0.330781	-0.462677	-0.0562748	-0.462677	0.680119	
0.995113	0.0487125	-0.0498574	0.0487125	0.514489	0.496922	-0.0498574	0.496922	0.491398	
0.598366	-0.413793	0.262102	-0.413793	0.573679	0.270038	0.262102	0.270038	0.828954	
0.51753	0.452989	0.20979	0.452989	0.574692	-0.19697	0.20979	-0.19697	0.908779	
0.276751	0.445925	0.0242382	0.445925	0.725061	-0.0149443	0.0242382	-0.0149443	0.999188	
0.984307	-0.108094	-0.06121	-0.108094	0.255441	-0.421618	-0.06121	-0.421618	0.761252	
0.988701	-0.0734581	0.0759227	-0.0734581	0.522442	0.493582	0.0759227	0.493582	0.489858	
0.677377	-0.399164	0.242659	-0.399164	0.506137	0.300228	0.242659	0.300228	0.817486	
0.37595	0.404117	-0.265852	0.404117	0.738305	0.172158	-0.265852	0.172158	0.886744	
0.416561	0.451189	0.197187	0.451189	0.651083	-0.15249	0.197187	-0.15249	0.933356	
0.336236	0.471182	0.0224772	0.471182	0.665525	-0.0159558	0.0224772	-0.0159558	0.999239	
0.991329	-0.0636537	0.0673433	-0.0636537	0.532706	0.49438	0.0673433	0.49438	0.476965	
0.674091	-0.43623	0.170499	-0.43623	0.416105	0.228213	0.170499	0.228213	0.910804	
0.333036	0.402017	-0.244619	0.402017	0.757682	0.147445	-0.244619	0.147445	0.910283	
0.843541	0.362492	0.0205667	0.362492	0.160163	-0.0476499	0.0205667	-0.0476499	0.997296	
0.319891	0.437273	0.160229	0.437273	0.718858	-0.103018	0.160229	-0.103018	0.962251	
0.255183	0.427091	0.0831469	0.427091	0.755099	-0.0476779	0.0831469	-0.0476779	0.990718	
0.961975	-0.133951	0.136374	-0.133951	0.528124	0.48041	0.136374	0.48041	0.510901	
0.731658	-0.390794	0.208197	-0.390794	0.430875	0.303204	0.208197	0.303204	0.838467	
0.30693	0.415815	-0.19781	0.415815	0.750527	0.118678	-0.19781	0.118678	0.943543	
0.895597	0.302701	0.0420831	0.302701	0.122366	-0.122013	0.0420831	-0.122013	0.983037	
0.292539	0.452555	0.0380372	0.452555	0.710506	-0.024332	0.0380372	-0.024332	0.997955	
0.977107	0.104975	-0.106423	0.104975	0.518629	0.488008	-0.106423	0.488008	0.505264	
0.777576	-0.359311	0.208866	-0.359311	0.419559	0.337409	0.208866	0.337409	0.803865	
0.325526	0.412633	-0.220496	0.412633	0.747558	0.134896	-0.220496	0.134896	0.927917	
0.820133	0.377308	0.0705283	0.377308	0.208522	-0.147947	0.0705283	-0.147947	0.972345	
0.349385	0.470249	0.0743648	0.470249	0.660115	-0.0537491	0.0743648	-0.0537491	0.9915	
0.921137	-0.262831	-0.0590355	-0.262831	0.124056	-0.196749	-0.0590355	-0.196749	0.955807	
0.959869	0.138927	-0.138491	0.138927	0.519059	0.479432	-0.138491	0.479432	0.522072	
0.830157	-0.261412	0.26924	-0.261412	0.597651	0.414398	0.26924	0.414398	0.573192	
0.354191	0.428328	-0.211256	0.428328	0.715915	0.140114	-0.211256	0.140114	0.930895	
0.270624	0.440377	0.0522086	0.440377	0.734113	-0.0315221	0.0522086	-0.0315221	0.996263	
0.921137	-0.262831	-0.0590355	-0.262831	0.124056	-0.196749	-0.0590355	-0.196749	0.955807	
0.778887	0.334765	-0.244814	0.334765	0.493168	0.370647	-0.244814	0.370647	0.728945	
0.759172	-0.330232	0.271176	-0.330232	0.547176	0.371845	0.271176	0.371845	0.694653	
0.62139	-0.471774	0.110974	-0.471774	0.412138	0.138282	0.110974	0.138282	0.967472	
0.289939	0.43247	-0.134661	0.43247	0.7366	0.0820168	-0.134661	0.0820168	0.974462	
0.423927	0.334706	-0.36278	0.334706	0.805532	0.210779	-0.36278	0.210779	0.771541	
0.296241	0.454412	0.0358867	0.454412	0.706589	-0.0231718	0.0358867	-0.0231718	0.99817	
0.897057	-0.238002	-0.188674	-0.238002	0.449745	-0.43621	-0.188674	-0.43621	0.654198	
0.90259	-0.210462	0.208639	-0.210462	0.545284	0.450778	0.208639	0.450778	0.553127	
0.54992	-0.496631	0.0203796	-0.496631	0.452003	0.0224874	0.0203796	0.0224874	0.999077	
0.288763	0.400145	-0.211073	0.400145	0.774877	0.11875	-0.211073	0.11875	0.93736	
0.265079	0.43981	0.0253772	0.43981	0.736797	-0.0151869	0.0253772	-0.0151869	0.999124	
0.936299	-0.172408	0.172786	-0.172408	0.533372	0.467648	0.172786	0.467648	0.531329	
0.86516	-0.113102	0.322073	-0.113102	0.905132	0.27015	0.322073	0.27015	0.230708	
0.547734	-0.49137	0.0763216	-0.49137	0.466145	0.0829205	0.0763216	0.0829205	0.98712	
0.361766	0.476222	0.0588708	0.476222	0.644665	-0.0439268	0.0588708	-0.0439268	0.99457	
0.976432	-0.0918546	0.120629	-0.0918546	0.641997	0.470151	0.120629	0.470151	0.38257	
0.798691	-0.133904	0.377693	-0.133904	0.910932	0.251229	0.377693	0.251229	0.291378	
0.54992	-0.496631	0.0203796	-0.496631	0.452003	0.0224874	0.0203796	0.0224874	0.999077	
0.338433	0.45029	0.143086	0.45029	0.693515	-0.0973904	0.143086	-0.0973904	0.969053	
0.99506	-0.0429021	0.0554125	-0.0429021	0.627447	0.48119	0.0554125	0.48119	0.378493	
0.775068	-0.149455	0.389584	-0.149455	0.900695	0.258858	0.389584	0.258858	0.325237	
0.568873	-0.491504	0.0570023	-0.491504	0.439664	0.0649851	0.0570023	0.0649851	0.992463	
0.294616	0.416199	0.184094	0.416199	0.754429	-0.108621	0.184094	-0.108621	0.951954	
0.832416	-0.141203	0.345534	-0.141203	0.881025	0.291141	0.345534	0.291141	0.287559	
0.482678	0.446502	-0.2232	0.446502	0.614622	0.192645	-0.2232	0.192645	0.9037	
0.998216	-0.0285181	0.0310761	-0.0285181	0.544117	0.496774	0.0310761	0.496774	0.458667	
0.775068	-0.149455	0.389584	-0.149455	0.900695	0.258858	0.389584	0.258858	0.325237	
0.53323	-0.49778	-0.0253836	-0.49778	0.46915	-0.0270699	-0.0253836	-0.0270699	0.99862	
0.24725	0.411135	0.1278	0.411135	0.775448	-0.0698015	0.1278	-0.0698015	0.978302	
0.886505	-0.109044	0.297674	-0.109044	0.895233	0.285999	0.297674	0.285999	0.219262	
0.361781	0.435717	-0.201018	0.435717	0.702533	0.137236	-0.201018	0.137236	0.936686	
0.978668	-0.0863363	0.115766	-0.0863363	0.650574	0.468534	0.115766	0.468534	0.371758	
0.808684	-0.106893	0.378281	-0.106893	0.940276	0.211355	0.378281	0.211355	0.252039	
0.518591	-0.477435	-0.1457	-0.477435	0.526505	-0.144497	-0.1457	-0.144497	0.955904	
0.276635	0.428963	0.124	0.428963	0.745621	-0.073533	0.124	-0.073533	0.978744	
0.886505	-0.109044	0.297674	-0.109044	0.895233	0.285999	0.297674	0.285999	0.219262	
0.519918	0.463067	-0.186258	0.463067	0.553345	0.179657	-0.186258	0.179657	0.927737	
0.985682	-0.0638158	0.100133	-0.0638158	0.715578	0.446284	0.100133	0.446284	0.29974	
0.734798	-0.11842	0.424949	-0.11842	0.947122	0.189751	0.424949	0.189751	0.319079	
0.533778	-0.477721	-0.14204	-0.477721	0.510496	-0.145543	-0.14204	-0.145543	0.956726	
0.482931	0.485318	0.116866	0.485318	0.544483	-0.10969	0.116866	-0.10969	0.973586	
0.902115	-0.0932573	0.281973	-0.0932573	0.911152	0.268642	0.281973	0.268642	0.187733	
0.511433	0.461686	-0.190333	0.461686	0.563715	0.179861	-0.190333	0.179861	0.925851	
0.984875	-0.0630381	0.104437	-0.0630381	0.737265	0.43528	0.104437	0.43528	0.278859	
0.879115	-0.0853278	0.314436	-0.0853278	0.93977	0.221948	0.314436	0.221948	0.182114	
0.511381	-0.486015	-0.114767	-0.486015	0.516575	-0.114155	-0.114767	-0.114155	0.973044	
0.554785	0.473691	0.148896	0.473691	0.496011	-0.15842	0.148896	-0.15842	0.950204	
0.902115	-0.0932573	0.281973	-0.0932573	0.911152	0.268642	0.281973	0.268642	0.187733	
0.511433	0.461686	-0.190333	0.461686	0.563715	0.179861	-0.190333	0.179861	0.925851	
0.998083	-0.0223374	0.0375816	-0.0223374	0.739709	0.437928	0.0375816	0.437928	0.263208	
0.882295	-0.0850608	0.31064	-0.0850608	0.93853	0.224488	0.31064	0.224488	0.180175	
0.519592	-0.497099	-0.0450314	-0.497099	0.485629	-0.0465961	-0.0450314	-0.0465961	0.995779	
0.339901	0.472973	-0.00207875	0.472973	0.661106	0.00148946	-0.00207875	0.00148946	0.999993	
0.77001	0.419847	-0.0243487	0.419847	0.233567	0.0444487	-0.0243487	0.0444487	0.997422	
0.899175	-0.102652	0.28288	-0.102652	0.895488	0.288006	0.28288	0.288006	0.206337	
0.279899	0.436654	-0.100839	0.436654	0.735222	0.0611469	-0.100839	0.0611469	0.985879	
0.987026	-0.066558	0.0914479	-0.066558	0.65855	0.469138	0.0914479	0.469138	0.355424	
0.888348	-0.0828848	0.303651	-0.0828848	0.93847	0.225416	0.303651	0.225416	0.174181	
0.519592	-0.497099	-0.0450314	-0.497099	0.485629	-0.0465961	-0.0450314	-0.0465961	0.995779	
0.41385	0.374015	-0.319538	0.374015	0.761345	0.203894	-0.319538	0.203894	0.825805	
0.329554	0.468339	-0.0305981	0.468339	0.672842	0.0213743	-0.0305981	0.0213743	0.998604	
0.77001	0.419847	-0.0243487	0.419847	0.233567	0.0444487	-0.0243487	0.0444487	0.997422	
0.92408	-0.0835775	0.251187	-0.0835775	0.907992	0.276523	0.251187	0.276523	0.168927	
0.20087	0.394783	-0.0621976	0.394783	0.804971	0.0307266	-0.0621976	0.0307266	0.995159	
0.987026	-0.066558	0.0914479	-0.066558	0.65855	0.469138	0.0914479	0.469138	0.355424	
0.860172	-0.181578	0.295239	-0.181578	0.764206	0.383391	0.295239	0.383391	0.376622	
0.390577	-0.482736	-0.0662068	-0.482736	0.617615	-0.0524437	-0.0662068	-0.0524437	0.992807	
0.418819	0.387726	-0.304133	0.387726	0.741335	0.202898	-0.304133	0.202898	0.840846	
0.269948	0.427601	-0.116203	0.427601	0.749548	0.0680616	-0.116203	0.0680616	0.981504	
0.843541	0.362492	0.0205667	0.362492	0.160163	-0.0476499	0.0205667	-0.0476499	0.997296	
0.92408	-0.0835775	0.251187	-0.0835775	0.907992	0.276523	0.251187	0.276523	0.168927	
0.305282	0.451449	0.0870852	0.451449	0.706634	-0.0565907	0.0870852	-0.0565907	0.989084	
0.967737	-0.128538	0.12111	-0.128538	0.48789	0.482513	0.12111	0.482513	0.545373	
0.872438	-0.173685	0.284598	-0.173685	0.763516	0.3875	0.284598	0.3875	0.365046	
0.414907	-0.491147	-0.0308069	-0.491147	0.587715	-0.0258603	-0.0308069	-0.0258603	0.998378	
0.332055	0.419254	-0.212962	0.419254	0.736844	0.133671	-0.212962	0.133671	0.932101	
0.895597	0.302701	0.0420831	0.302701	0.122366	-0.122013	0.0420831	-0.122013	0.983037	
0.896529	-0.110218	0.283749	-0.110218	0.882596	0.30225	0.283749	0.30225	0.221876	
0.280681	0.448176	0.0178254	0.448176	0.720761	-0.0111062	0.0178254	-0.0111062	0.999558	
0.996716	-0.0281457	0.0497763	-0.0281457	0.75877	0.42662	0.0497763	0.42662	0.245514	
0.900661	-0.0886961	0.28549	-0.0886961	0.920807	0.254903	0.28549	0.254903	0.179533	
0.50246	-0.485174	-0.118756	-0.485174	0.526886	-0.115805	-0.118756	-0.115805	0.971654	
0.567	-0.473072	0.145881	-0.473072	0.483149	0.159381	0.145881	0.159381	0.950852	
0.340448	0.378435	-0.284026	0.378435	0.782863	0.162967	-0.284026	0.162967	0.877689	
0.901382	-0.113511	0.275516	-0.113511	0.869346	0.317125	0.275516	0.317125	0.230272	
0.320382	0.465349	0.0225428	0.465349	0.681366	-0.0154355	0.0225428	-0.0154355	0.999252	
0.99635	-0.028549	0.0530852	-0.028549	0.776703	0.415208	0.0530852	0.415208	0.227947	
0.925281	-0.102998	0.241771	-0.102998	0.858022	0.333272	0.241771	0.333272	0.217698	
0.591834	-0.476529	-0.118653	-0.476529	0.443658	-0.138526	-0.118653	-0.138526	0.965508	
0.643611	-0.459452	0.13388	-0.459452	0.407682	0.172596	0.13388	0.172596	0.949707	
0.363738	0.352986	-0.32588	0.352986	0.804171	0.180792	-0.32588	0.180792	0.833092	
0.487515	0.186042	-0.463379	0.186042	0.932463	0.168216	-0.463379	0.168216	0.581022	
0.297104	0.454421	0.0403921	0.454421	0.706217	-0.0261135	0.0403921	-0.0261135	0.997679	
0.99783	0.0317311	-0.0340007	0.0317311	0.535964	0.497228	-0.0340007	0.497228	0.467206	
0.967024	-0.0376389	0.174468	-0.0376389	0.957039	0.199137	0.174468	0.199137	0.076937	
0.996636	-0.0291128	-0.0500218	-0.0291128	0.748082	-0.432846	-0.0500218	-0.432846	0.256282	
0.799374	-0.396552	-0.0540482	-0.396552	0.216186	-0.10683	-0.0540482	-0.10683	0.98544	
0.5717	-0.483259	0.104361	-0.483259	0.454729	0.117752	0.104361	0.117752	0.974571	
0.281085	0.337948	-0.295209	0.337948	0.841137	0.138772	-0.295209	0.138772	0.878778	
0.933041	-0.105458	0.226467	-0.105458	0.833907	0.356677	0.226467	0.356677	0.234052	
0.275967	0.44607	0.0103153	0.44607	0.72518	-0.0063552	0.0103153	-0.0063552	0.999853	
0.978849	-0.0520034	0.134083	-0.0520034	0.872141	0.329665	0.134083	0.329665	0.15001	
0.999248	-0.0139914	-0.0235645	-0.0139914	0.739809	-0.438219	-0.0235645	-0.438219	0.261944	
0.880968	-0.323477	-0.0103451	-0.323477	0.120931	-0.0281133	-0.0103451	-0.0281133	0.999101	
0.584758	-0.481038	0.104897	-0.481038	0.442741	0.121518	0.104897	0.121518	0.973501	
0.29989	0.313815	-0.33283	0.313815	0.859336	0.149187	-0.33283	0.149187	0.841774	
0.95259	-0.0931319	0.190896	-0.0931319	0.817052	0.374995	0.190896	0.374995	0.231358	
0.311257	0.46221	0.00702175	0.46221	0.689814	-0.00471225	0.00702175	-0.00471225	0.999928	
0.945965	0.156261	-0.163229	0.156261	0.548117	0.472033	-0.163229	0.472033	0.506918	
0.983653	-0.062551	0.110229	-0.062551	0.760644	0.421797	0.110229	0.421797	0.256702	
0.999883	0.00569787	0.00916162	0.00569787	0.721399	-0.447964	0.00916162	-0.447964	0.279718	
0.896816	-0.30361	-0.0159554	-0.30361	0.106651	-0.0469475	-0.0159554	-0.0469475	0.997533	
0.56366	-0.479842	0.123541	-0.479842	0.472318	0.135858	0.123541	0.135858	0.965022	
0.968828	-0.0789766	0.154701	-0.0789766	0.79991	0.39194	0.154701	0.39194	0.232263	
0.919308	0.140014	-0.233444	0.140014	0.757053	0.405064	-0.233444	0.405064	0.324639	
0.967223	-0.0610205	0.167171	-0.0610205	0.886398	0.311222	0.167171	0.311222	0.147378	
0.997118	0.0303618	0.044148	0.0303618	0.680147	-0.465086	0.044148	-0.465086	0.323735	
0.908747	-0.283976	0.0468206	-0.283976	0.116276	0.145704	0.0468206	0.145704	0.975977	
0.498907	-0.497329	-0.046489	-0.497329	0.506406	-0.0461398	-0.046489	-0.0461398	0.995687	
0.982745	-0.0621817	0.114341	-0.0621817	0.775921	0.41204	0.114341	0.41204	0.242334	
0.238794	0.425452	-0.00106862	0.425452	0.762207	0.000597273	-0.00106862	0.000597273	0.999998	
0.648057	0.287416	-0.380945	0.287416	0.765279	0.311101	-0.380945	0.311101	0.587663	
0.991672	-0.0420166	0.0805312	-0.0420166	0.788026	0.40628	0.0805312	0.40628	0.221302	
0.990532	0.0566304	0.0785	0.0566304	0.661293	-0.469509	0.0785	-0.469509	0.349175	
0.908747	-0.283976	0.0468206	-0.283976	0.116276	0.145704	0.0468206	0.145704	0.975977	
0.498907	-0.497329	-0.046489	-0.497329	0.506406	-0.0461398	-0.046489	-0.0461398	0.995687	
0.999666	-0.00956163	0.0155719	-0.00956163	0.726564	0.445313	0.0155719	0.445313	0.27477	
0.220865	0.413443	-0.0192142	0.413443	0.780609	0.0101959	-0.0192142	0.0101959	0.999526	
0.437671	0.322166	-0.376513	0.322166	0.815427	0.215709	-0.376513	0.215709	0.747903	
0.99771	-0.0241201	0.0412416	-0.0241201	0.745969	0.434354	0.0412416	0.434354	0.257322	
0.930166	-0.0055778	0.254669	-0.0055778	0.999554	0.020341	0.254669	0.020341	0.0712795	
0.937475	0.135806	0.200275	0.135806	0.705025	-0.435002	0.200275	-0.435002	0.358501	
0.869412	-0.332409	0.0539316	-0.332409	0.153861	0.137281	0.0539316	0.137281	0.977727	
0.483393	-0.492149	-0.0836492	-0.492149	0.531151	-0.0796889	-0.0836492	-0.0796889	0.986456	
0.997295	0.0316508	-0.0411546	0.0316508	0.629726	0.481455	-0.0411546	0.481455	0.37398	
0.190385	0.391408	-0.0113592	0.391408	0.810774	0.00549162	-0.0113592	0.00549162	0.999841	
0.535852	0.391509	-0.308175	0.391509	0.669763	0.259945	-0.308175	0.259945	0.795385	
0.99771	-0.0241201	0.0412416	-0.0241201	0.745969	0.434354	0.0412416	0.434354	0.257322	
0.909571	-0.0171107	0.286126	-0.0171107	0.996762	0.05414	0.286126	0.05414	0.0946665	
0.885122	0.173803	0.267131	0.173803	0.737048	-0.404151	0.267131	-0.404151	0.37883	
0.829856	-0.371309	0.0561621	-0.371309	0.189682	0.122564	0.0561621	0.122564	0.981462	
0.651984	-0.475973	-0.00176106	-0.475973	0.349025	-0.00240855	-0.00176106	-0.00240855	0.999991	
0.999581	0.0141174	-0.0148148	0.0141174	0.524769	0.49871	-0.0148148	0.49871	0.476651	
0.419852	0.491323	-0.0399739	0.491323	0.583903	0.0338536	-0.0399739	0.0338536	0.997246	
0.453909	0.412398	-0.277952	0.412398	0.688564	0.209904	-0.277952	0.209904	0.858527	
0.999353	-0.0123362	0.022215	-0.0123362	0.764701	0.423729	0.022215	0.423729	0.236946	
0.92605	-0.0399625	0.258478	-0.0399625	0.978404	0.139681	0.258478	0.139681	0.0965459	
0.854961	0.175197	0.305227	0.175197	0.788375	-0.368693	0.305227	-0.368693	0.357664	
0.874536	-0.330038	0.0259319	-0.330038	0.131824	0.0682147	0.0259319	0.0682147	0.99464	
0.490904	-0.497527	0.0432983	-0.497527	0.513778	0.0423145	0.0432983	0.0423145	0.996317	
0.998157	-0.0317788	0.0287646	-0.0317788	0.4519	0.496113	0.0287646	0.496113	0.550943	
0.370343	0.482024	-0.014589	0.482024	0.630995	0.0111684	-0.014589	0.0111684	0.999662	
0.386294	0.320403	-0.365785	0.320403	0.832724	0.190969	-0.365785	0.190969	0.781982	
0.895543	0.100086	0.288833	0.100086	0.904102	-0.276746	0.288833	-0.276746	0.201355	
0.999041	-0.0142321	0.0274688	-0.0142321	0.78878	0.407667	0.0274688	0.407667	0.213179	
0.92605	-0.0399625	0.258478	-0.0399625	0.978404	0.139681	0.258478	0.139681	0.0965459	
0.771149	0.250709	0.336741	0.250709	0.725346	-0.368903	0.336741	-0.368903	0.504505	
0.970254	-0.162187	-0.0502676	-0.162187	0.115693	-0.274079	-0.0502676	-0.274079	0.915053	
0.520705	-0.498572	-0.0227663	-0.498572	0.481376	-0.0236819	-0.0227663	-0.0236819	0.998919	
0.99387	0.0741377	-0.0242785	0.0741377	0.103294	0.293652	-0.0242785	0.293652	0.903835	
0.246146	0.429874	-0.00352543	0.429874	0.754871	0.00201032	-0.00352543	0.00201032	0.999984	
0.391181	0.362317	-0.326	0.362317	0.78438	0.194007	-0.326	0.194007	0.825439	
0.989844	0.0294633	0.0957843	0.0294633	0.914525	-0.277877	0.0957843	-0.277877	0.0966311	
0.999537	-0.0097142	0.0191806	-0.0097142	0.79616	0.402481	0.0191806	0.402481	0.205303	
0.92605	-0.0399625	0.258478	-0.0399625	0.978404	0.139681	0.258478	0.139681	0.0965459	
0.610562	0.367843	0.319496	0.367843	0.652554	-0.30178	0.319496	-0.30178	0.737884	
0.931995	-0.251578	-0.004527	-0.251578	0.0693061	-0.0167473	-0.004527	-0.0167473	0.999699	
0.471801	-0.484803	-0.1168	-0.484803	0.555027	-0.107204	-0.1168	-0.107204	0.974172	
0.98483	-0.0665693	0.102435	-0.0665693	0.707875	0.449516	0.102435	0.449516	0.308295	
0.325058	0.46207	-0.0721944	0.46207	0.683664	0.0494248	-0.0721944	0.0494248	0.992278	
0.378725	0.443057	-0.195888	0.443057	0.684038	0.139696	-0.195888	0.139696	0.938236	
0.989169	-0.00192875	0.103435	-0.00192875	0.999657	0.01842	0.103435	0.01842	0.012174	
0.999999	0.000355896	-0.000754808	0.000355896	0.8183	0.385361	-0.000754808	0.385361	0.182701	
0.941276	-0.0446858	0.230695	-0.0446858	0.965997	0.175546	0.230695	0.175546	0.0937275	
0.472684	0.459665	0.193481	0.459665	0.599308	-0.168659	0.193481	-0.168659	0.929008	
0.958437	-0.0975278	-0.174017	-0.0975278	0.771148	-0.408336	-0.174017	-0.408336	0.271414	
0.457005	-0.49497	-0.0511174	-0.49497	0.548807	-0.0465964	-0.0511174	-0.0465964	0.995188	
0.53968	-0.272463	0.416808	-0.272463	0.838729	0.246708	0.416808	0.246708	0.622591	
0.274649	0.422002	-0.142849	0.422002	0.754484	0.083108	-0.142849	0.083108	0.971868	
0.202015	0.371971	-0.148474	0.371971	0.82661	0.0692092	-0.148474	0.0692092	0.972375	
0.926456	-0.0768198	0.24932	-0.0768198	0.919759	0.260425	0.24932	0.260425	0.154786	
0.998281	-0.0172911	0.0376238	-0.0172911	0.826093	0.378405	0.0376238	0.378405	0.176626	
0.947469	-0.0433795	0.218717	-0.0433795	0.964178	0.180614	0.218717	0.180614	0.0893534	
0.401745	0.447663	0.198358	0.447663	0.665022	-0.148427	0.198358	-0.148427	0.934232	
0.599269	-0.48666	-0.053913	-0.48666	0.408984	-0.0654737	-0.053913	-0.0654737	0.992747	
0.764784	-0.104373	0.410804	-0.104373	0.953686	0.182288	0.410804	0.182288	0.28253	
0.235383	0.3911	-0.162031	0.3911	0.799954	0.0828784	-0.162031	0.0828784	0.965664	
0.336713	0.44381	-0.160332	0.44381	0.703043	0.107279	-0.160332	0.107279	0.961244	
0.910372	-0.0869924	0.271915	-0.0869924	0.915566	0.263918	0.271915	0.263918	0.175062	
0.999097	-0.0119046	0.0275617	-0.0119046	0.843072	0.363322	0.0275617	0.363322	0.158831	
0.957186	-0.0475885	0.196655	-0.0475885	0.947104	0.218587	0.196655	0.218587	0.0967096	
0.876595	-0.29193	-0.151095	-0.29193	0.309402	-0.357433	-0.151095	-0.357433	0.815003	
0.756734	-0.428768	-0.00159543	-0.428768	0.244277	-0.00281203	-0.00159543	-0.00281203	0.99999	
0.755094	-0.0982139	0.418373	-0.0982139	0.960614	0.167779	0.418373	0.167779	0.285292	
0.317588	0.418051	-0.203168	0.418051	0.743899	0.124462	-0.203168	0.124462	0.939513	
0.900293	-0.094572	0.284116	-0.094572	0.910298	0.269484	0.284116	0.269484	0.190408	
0.999962	0.00242175	-0.00565168	0.00242175	0.845032	0.361652	-0.00565168	0.361652	0.156006	
0.963045	-0.044384	0.183256	-0.044384	0.946694	0.220094	0.183256	0.220094	0.0912614	
0.895847	-0.303052	-0.0368859	-0.303052	0.118216	-0.107326	-0.0368859	-0.107326	0.986937	
0.898207	-0.300929	0.0277746	-0.300929	0.110371	0.0821095	0.0277746	0.0821095	0.992422	
0.299588	0.303672	-0.341933	0.303672	0.86834	0.148249	-0.341933	0.148249	0.833073	
0.836744	-0.116276	0.3506	-0.116276	0.917185	0.249708	0.3506	0.249708	0.247072	
0.321397	0.430988	-0.177965	0.430988	0.726275	0.113028	-0.177965	0.113028	0.953328	
0.897087	-0.102101	0.285998	-0.102101	0.898705	0.28374	0.285998	0.28374	0.205208	
0.99566	0.0235395	-0.061337	0.0235395	0.872311	0.33272	-0.061337	0.33272	0.133029	
0.97312	-0.0390768	0.156855	-0.0390768	0.943192	0.228028	0.156855	0.228028	0.0846878	
0.921925	-0.266321	-0.0312049	-0.266321	0.0915466	-0.106444	-0.0312049	-0.106444	0.987528	
0.925161	-0.261457	0.0283484	-0.261457	0.0865774	0.0990374	0.0283484	0.0990374	0.989262	
0.299588	0.303672	-0.341933	0.303672	0.86834	0.148249	-0.341933	0.148249	0.833073	
0.898236	-0.0668261	0.294687	-0.0668261	0.956117	0.193514	0.294687	0.193514	0.146647	
0.279517	0.407949	-0.185052	0.407949	0.769013	0.104779	-0.185052	0.104779	0.95247	
0.904586	-0.0984401	0.27663	-0.0984401	0.898438	0.285404	0.27663	0.285404	0.197976	
0.97954	0.0439288	-0.134502	0.0439288	0.90568	0.288789	-0.134502	0.288789	0.115779	
0.979939	-0.0331448	0.136162	-0.0331448	0.945239	0.224965	0.136162	0.224965	0.0758224	
0.949689	-0.216715	-0.0276448	-0.216715	0.0665013	-0.11908	-0.0276448	-0.11908	0.98481	
0.93245	-0.250293	0.0165301	-0.250293	0.0725953	0.0612486	0.0165301	0.0612486	0.995955	
0.36949	0.437397	-0.202535	0.437397	0.696569	0.140503	-0.202535	0.140503	0.934941	
0.914257	-0.102603	0.260343	-0.102603	0.877222	0.311534	0.260343	0.311534	0.209521	
0.994651	0.0315664	-0.0657163	0.0315664	0.813717	0.387813	-0.0657163	0.387813	0.192632	
0.987856	-0.0253567	0.106494	-0.0253567	0.947053	0.222368	0.106494	0.222368	0.0660902	
0.963751	-0.186116	-0.0161286	-0.186116	0.0444256	-0.0828094	-0.0161286	-0.0828094	0.992824	
0.910151	-0.285201	0.0186182	-0.285201	0.094707	0.0590986	0.0186182	0.0590986	0.996142	
0.252285	0.395228	-0.178	0.395228	0.79109	0.0940876	-0.178	0.0940876	0.957625	
0.940964	-0.0875967	0.218674	-0.0875967	0.870024	0.324467	0.218674	0.324467	0.190011	
0.933711	0.0933381	-0.23047	0.0933381	0.868575	0.324513	-0.23047	0.324513	0.198714	
0.988527	-0.0258107	0.103265	-0.0258107	0.941934	0.232314	0.103265	0.232314	0.0705389	
0.979973	-0.139664	-0.00999351	-0.139664	0.0260139	-0.0696923	-0.00999351	-0.0696923	0.995013	
0.90755	-0.28873	0.0211218	-0.28873	0.098276	0.0659649	0.0211218	0.0659649	0.995174	
0.248888	0.398834	-0.164691	0.398834	0.788222	0.0874494	-0.164691	0.0874494	0.963889	
0.954968	-0.0844074	0.1893	-0.0844074	0.841787	0.354822	0.1893	0.354822	0.204245	
0.790637	0.203824	-0.351819	0.203824	0.801569	0.342511	-0.351819	0.342511	0.408794	
0.990011	-0.0258098	0.0959862	-0.0258098	0.933314	0.248004	0.0959862	0.248004	0.0776753	
0.875587	-0.328174	0.033334	-0.328174	0.134344	0.0879282	0.033334	0.0879282	0.991069	
0.162045	0.333574	-0.153874	0.333574	0.867211	0.0612542	-0.153874	0.0612542	0.971744	
0.9798	-0.0598194	0.127253	-0.0598194	0.822852	0.376843	0.127253	0.376843	0.198348	
0.772701	0.2024	-0.366662	0.2024	0.819772	0.326497	-0.366662	0.326497	0.408527	
0.990361	-0.0261226	0.0940979	-0.0261226	0.929208	0.255005	0.0940979	0.255005	0.0814317	
0.77375	-0.414017	0.0585222	-0.414017	0.242388	0.10709	0.0585222	0.10709	0.984863	
0.148011	0.341354	-0.0934299	0.341354	0.863235	0.0374332	-0.0934299	0.0374332	0.989754	
0.992563	-0.0440964	0.0736898	-0.0440964	0.738554	0.436905	0.0736898	0.436905	0.269884	
0.66557	0.266758	-0.388706	0.266758	0.787221	0.310051	-0.388706	0.310051	0.548209	
0.992059	-0.0262983	0.0847264	-0.0262983	0.912909	0.280584	0.0847264	0.280584	0.096032	
0.788996	0.40539	0.0439246	0.40539	0.221148	-0.0843899	0.0439246	-0.0843899	0.990856	
0.77375	-0.414017	0.0585222	-0.414017	0.242388	0.10709	0.0585222	0.10709	0.984863	
0.289544	0.443212	-0.0925271	0.443212	0.723507	0.0577222	-0.0925271	0.0577222	0.98795	
0.983445	-0.0723008	0.105058	-0.0723008	0.684245	0.458815	0.105058	0.458815	0.333311	
0.707686	0.22981	-0.392124	0.22981	0.819329	0.308279	-0.392124	0.308279	0.473985	
0.995439	-0.0154039	0.0655591	-0.0154039	0.947972	0.221431	0.0655591	0.221431	0.0575886	
0.762802	0.332904	0.264334	0.332904	0.532772	-0.37099	0.264334	-0.37099	0.705425	
0.868822	-0.33738	0.00378171	-0.33738	0.132287	0.00972624	0.00378171	0.00972624	0.999891	
0.480453	0.322375	-0.381015	0.322375	0.799969	0.236417	-0.381015	0.236417	0.720578	
0.348923	0.459141	-0.125358	0.459141	0.676213	0.0884029	-0.125358	0.0884029	0.975864	
0.981823	-0.109389	0.076565	-0.109389	0.341686	0.460774	0.076565	0.460774	0.67749	
0.715416	0.263555	-0.365855	0.263555	0.75592	0.338821	-0.365855	0.338821	0.529663	
0.996838	-0.0147	0.0541578	-0.0147	0.931667	0.251752	0.0541578	0.251752	0.0724953	
0.516783	0.39658	0.303248	0.39658	0.674523	-0.248878	0.303248	-0.248878	0.809694	
0.925091	-0.262404	-0.0191649	-0.262404	0.0808124	-0.0671339	-0.0191649	-0.0671339	0.995097	
0.486273	0.330745	-0.374039	0.330745	0.787061	0.240812	-0.374039	0.240812	0.727666	
0.247651	0.410003	-0.132156	0.410003	0.776563	0.0720203	-0.132156	0.0720203	0.976786	
0.980769	-0.109765	0.0824218	-0.109765	0.373484	0.470445	0.0824218	0.470445	0.646747	
0.594283	0.308477	-0.381506	0.308477	0.765456	0.290069	-0.381506	0.290069	0.64126	
0.997332	-0.0129957	0.0498901	-0.0129957	0.936691	0.24304	0.0498901	0.24304	0.0669763	
0.532094	0.379565	0.323161	0.379565	0.692098	-0.262147	0.323161	-0.262147	0.776808	
0.925693	-0.261398	-0.0195487	-0.261398	0.0804498	-0.0687687	-0.0195487	-0.0687687	0.994857	
0.321382	0.436676	-0.163496	0.436676	0.719009	0.105206	-0.163496	0.105206	0.96061	
0.938456	-0.207472	0.121039	-0.207472	0.300591	0.408034	0.121039	0.408034	0.761953	
0.525445	0.342926	-0.362326	0.342926	0.752193	0.261826	-0.362326	0.261826	0.723362	
